1	1	0
1	2	0
1	3	0
1	4	0
1	5	0
1	6	0
1	7	0
1	8	0
1	9	0
1	10	0
1	11	0
1	12	0
1	13	0
1	14	0
1	15	0
1	16	0
1	17	0
1	18	0
1	19	0
1	20	0
1	21	0
1	22	0
1	23	0
1	24	0
1	25	0
1	26	0
1	27	0
1	28	0
1	29	0
1	30	0
1	31	0
1	32	0
1	33	0
1	34	0
1	35	0
1	36	0
1	37	0
1	38	0
1	39	0
1	40	0
1	41	0
1	42	0
1	43	0
1	44	0
1	45	0
1	46	0
1	47	0
1	48	0
1	49	0
1	50	0
1	51	0
1	52	0
1	53	0
1	54	0
1	55	0
1	56	0
1	57	0
1	58	0
1	59	0
1	60	0
1	61	0
1	62	0
1	63	0
1	64	0
1	65	0
1	66	0
1	67	0
1	68	0
1	69	0
1	70	0
1	71	0
1	72	0
1	73	0
1	74	0
1	75	0
1	76	0
1	77	0
1	78	0
1	79	0
1	80	0
1	81	0
1	82	0
1	83	0
1	84	0
1	85	0
1	86	0
1	87	0
1	88	0
1	89	0
1	90	0
1	91	0
1	92	0
1	93	0
1	94	0
1	95	0
1	96	0
1	97	0
1	98	0
1	99	0
1	100	0
1	101	0
1	102	0
1	103	0
1	104	0
1	105	0
1	106	0
1	107	0
1	108	0
1	109	0
1	110	0
1	111	0
1	112	0
1	113	0
1	114	0
1	115	0
1	116	0
1	117	0
1	118	0
1	119	0
1	120	0
1	121	0
1	122	0
1	123	0
1	124	0
1	125	0
1	126	0
1	127	0
1	128	0
1	129	0
1	130	0
1	131	0
1	132	0
1	133	0
1	134	0
1	135	0
1	136	0
1	137	0
1	138	0
1	139	0
1	140	0
1	141	0
1	142	0
1	143	0
1	144	0
2	1	0
2	2	0
2	3	0
2	4	0
2	5	0
2	6	0
2	7	0
2	8	0
2	9	0
2	10	0
2	11	0
2	12	0
2	13	0
2	14	0
2	15	0
2	16	0
2	17	0
2	18	0
2	19	0
2	20	0
2	21	0
2	22	0
2	23	0
2	24	0
2	25	0
2	26	0
2	27	0
2	28	0
2	29	0
2	30	0
2	31	0
2	32	0
2	33	0
2	34	0
2	35	0
2	36	0
2	37	0
2	38	0
2	39	0
2	40	0
2	41	0
2	42	0
2	43	0
2	44	0
2	45	0
2	46	0
2	47	0
2	48	0
2	49	0
2	50	0
2	51	0
2	52	0
2	53	0
2	54	0
2	55	0
2	56	0
2	57	0
2	58	0
2	59	0
2	60	0
2	61	0
2	62	0
2	63	0
2	64	0
2	65	0
2	66	0
2	67	0
2	68	0
2	69	0
2	70	0
2	71	0
2	72	0
2	73	0
2	74	0
2	75	0
2	76	0
2	77	0
2	78	0
2	79	0
2	80	0
2	81	0
2	82	0
2	83	0
2	84	0
2	85	0
2	86	0
2	87	0
2	88	0
2	89	0
2	90	0
2	91	0
2	92	0
2	93	0
2	94	0
2	95	0
2	96	0
2	97	0
2	98	0
2	99	0
2	100	0
2	101	0
2	102	0
2	103	0
2	104	0
2	105	0
2	106	0
2	107	0
2	108	0
2	109	0
2	110	0
2	111	0
2	112	0
2	113	0
2	114	0
2	115	0
2	116	0
2	117	0
2	118	0
2	119	0
2	120	0
2	121	0
2	122	0
2	123	0
2	124	0
2	125	0
2	126	0
2	127	0
2	128	0
2	129	0
2	130	0
2	131	0
2	132	0
2	133	0
2	134	0
2	135	0
2	136	0
2	137	0
2	138	0
2	139	0
2	140	0
2	141	0
2	142	0
2	143	0
2	144	0
53	1	0
53	2	0
53	3	0
53	4	0
53	10	0
53	11	0
53	16	0
53	18	0
53	20	0
53	24	0
53	26	0
53	28	0
53	30	0
53	32	0
53	35	0
53	36	0
53	38	0
53	40	0
53	43	0
53	44	0
53	46	0
53	48	0
53	50	0
53	52	0
53	54	0
53	56	0
53	58	0
53	60	0
53	62	0
53	64	0
53	66	0
53	68	0
53	70	0
53	72	0
53	74	0
53	76	0
53	78	0
53	82	0
53	84	0
53	86	0
53	88	0
53	90	0
53	99	0
53	100	0
53	102	0
53	104	0
53	107	0
53	112	0
53	114	0
53	116	0
53	118	0
53	120	0
53	122	0
53	124	0
53	126	0
53	128	0
53	130	0
53	132	0
53	134	0
53	136	0
53	138	0
53	140	0
105	1	0
105	3	0
105	5	0
105	7	0
105	9	0
105	11	0
105	13	0
105	15	0
105	17	0
105	19	0
105	21	0
105	23	0
105	25	0
105	27	0
105	29	0
105	31	0
105	33	0
105	35	0
105	37	0
105	39	0
105	41	0
105	43	0
105	45	0
105	47	0
105	49	0
105	51	0
105	53	0
105	55	0
105	57	0
105	59	0
105	61	0
105	63	0
105	65	0
105	67	0
105	69	0
105	71	0
105	73	0
105	75	0
105	77	0
105	79	0
105	81	0
105	83	0
105	85	0
105	87	0
105	89	0
105	91	0
105	93	0
105	95	0
105	97	0
105	99	0
105	101	0
105	103	0
105	105	0
105	107	0
105	109	0
105	111	0
105	113	0
105	115	0
105	117	0
105	119	0
105	121	0
105	123	0
105	125	0
105	127	0
105	129	0
105	131	0
105	133	0
105	135	0
105	137	0
105	139	0
105	141	0
105	143	0
116	40	0
106	63	0
98	111	0
106	141	0
26	5	0
116	42	0
26	8	0
116	45	0
26	9	0
116	48	0
55	75	0
55	10	0
55	7	0
55	99	0
55	101	0
55	103	0
55	105	0
55	107	0
107	8	0
107	92	0
107	94	0
107	96	0
107	98	0
107	108	0
55	16	0
55	36	0
55	38	0
55	40	0
55	44	0
107	142	0
113	114	0
106	94	0
106	96	0
106	107	0
106	110	0
106	113	0
116	50	0
116	52	0
116	54	0
116	56	0
116	58	0
116	80	0
116	100	0
116	102	0
116	112	0
106	1	0
106	3	0
106	8	0
106	15	0
106	18	0
106	20	0
106	23	0
106	25	0
106	31	0
106	33	0
106	46	0
106	61	0
106	64	0
106	66	0
106	68	0
106	70	0
106	72	0
106	74	0
106	76	0
68	67	0
68	69	0
68	71	0
68	73	0
68	75	0
68	77	0
68	79	0
68	81	0
68	83	0
68	85	0
68	87	0
68	89	0
68	90	0
68	92	0
68	94	0
68	96	0
68	98	0
68	100	0
68	102	0
68	104	0
68	106	0
68	108	0
68	110	0
68	112	0
68	114	0
68	116	0
68	118	0
68	120	0
68	122	0
68	124	0
68	126	0
68	128	0
68	130	0
68	132	0
68	134	0
68	136	0
68	138	0
68	140	0
68	142	0
68	144	0
69	5	0
69	7	0
69	9	0
69	11	0
69	13	0
69	15	0
69	17	0
69	19	0
69	21	0
69	23	0
69	25	0
69	27	0
69	29	0
69	31	0
69	33	0
69	35	0
69	37	0
69	39	0
69	41	0
69	43	0
69	45	0
69	47	0
69	49	0
69	51	0
69	53	0
69	55	0
5	1	0
5	2	0
5	3	0
5	4	0
5	5	0
5	6	0
5	7	0
5	8	0
5	9	0
5	10	0
5	11	0
5	12	0
5	13	0
5	14	0
5	15	0
5	16	0
5	17	0
5	18	0
5	19	0
5	20	0
5	21	0
5	22	0
5	23	0
5	24	0
5	25	0
5	26	0
5	27	0
5	28	0
5	29	0
5	30	0
5	31	0
5	32	0
5	33	0
5	34	0
5	35	0
5	36	0
5	37	0
5	38	0
5	39	0
5	40	0
5	41	0
5	42	0
5	43	0
5	44	0
5	45	0
5	46	0
5	47	0
5	48	0
5	49	0
5	50	0
5	51	0
5	52	0
5	53	0
5	54	0
5	55	0
5	56	0
5	57	0
5	58	0
5	59	0
5	60	0
5	61	0
5	62	0
5	63	0
5	64	0
5	65	0
5	66	0
5	67	0
5	68	0
5	69	0
5	70	0
5	71	0
5	72	0
5	73	0
5	74	0
5	75	0
5	76	0
5	77	0
5	78	0
5	79	0
5	80	0
5	81	0
5	82	0
5	83	0
5	84	0
5	85	0
5	86	0
5	87	0
5	88	0
5	89	0
5	90	0
5	91	0
5	92	0
5	93	0
5	94	0
5	95	0
5	96	0
5	97	0
5	98	0
5	99	0
5	100	0
5	101	0
5	102	0
5	103	0
5	104	0
5	105	0
5	106	0
5	107	0
5	108	0
5	109	0
5	110	0
5	111	0
5	112	0
5	113	0
5	114	0
5	115	0
5	116	0
5	117	0
5	118	0
5	119	0
5	120	0
5	121	0
5	122	0
5	123	0
5	124	0
5	125	0
5	126	0
5	127	0
5	128	0
5	129	0
5	130	0
5	131	0
5	132	0
5	133	0
5	134	0
5	135	0
5	136	0
5	137	0
5	138	0
5	139	0
5	140	0
5	141	0
5	142	0
5	143	0
5	144	0
6	1	0
6	2	0
6	3	0
6	4	0
6	5	0
6	6	0
6	7	0
6	8	0
6	9	0
6	10	0
6	11	0
6	12	0
6	13	0
6	14	0
6	15	0
6	16	0
6	17	0
6	18	0
6	19	0
6	20	0
6	21	0
6	22	0
6	23	0
6	24	0
6	25	0
6	26	0
6	27	0
6	28	0
6	29	0
6	30	0
6	31	0
6	32	0
6	33	0
6	34	0
6	35	0
6	36	0
6	37	0
6	38	0
6	39	0
6	40	0
6	41	0
6	42	0
6	43	0
6	44	0
6	45	0
6	46	0
6	47	0
6	48	0
6	49	0
6	50	0
6	51	0
6	52	0
6	53	0
6	54	0
6	55	0
6	56	0
6	57	0
6	58	0
6	59	0
6	60	0
6	61	0
6	62	0
6	63	0
6	64	0
6	65	0
6	66	0
6	67	0
6	68	0
6	69	0
6	70	0
6	71	0
6	72	0
6	73	0
6	74	0
6	75	0
6	76	0
6	77	0
6	78	0
6	79	0
6	80	0
6	81	0
6	82	0
6	83	0
6	84	0
6	85	0
6	86	0
6	87	0
6	88	0
6	89	0
6	90	0
6	91	0
6	92	0
6	93	0
6	94	0
6	95	0
6	96	0
6	97	0
6	98	0
6	99	0
6	100	0
6	101	0
6	102	0
6	103	0
6	104	0
6	105	0
6	106	0
6	107	0
6	108	0
6	109	0
6	110	0
6	111	0
6	112	0
6	113	0
6	114	0
6	115	0
6	116	0
6	117	0
6	118	0
6	119	0
6	120	0
6	121	0
6	122	0
6	123	0
6	124	0
6	125	0
6	126	0
6	127	0
6	128	0
6	129	0
6	130	0
6	131	0
6	132	0
6	133	0
6	134	0
6	135	0
6	136	0
6	137	0
6	138	0
6	139	0
6	140	0
6	141	0
6	142	0
6	143	0
6	144	0
7	1	0
7	2	0
7	3	0
7	4	0
7	5	0
7	6	0
7	7	0
7	8	0
7	9	0
7	10	0
7	11	0
7	12	0
7	13	0
7	14	0
7	15	0
7	16	0
7	17	0
7	18	0
7	19	0
7	20	0
7	21	0
7	22	0
7	23	0
7	24	0
7	25	0
7	26	0
7	27	0
7	28	0
7	29	0
7	30	0
7	31	0
7	32	0
7	33	0
7	34	0
7	35	0
7	36	0
7	37	0
7	38	0
7	39	0
7	40	0
7	41	0
7	42	0
7	43	0
7	44	0
7	45	0
7	46	0
7	47	0
7	48	0
7	49	0
7	50	0
7	51	0
7	52	0
7	53	0
7	54	0
7	55	0
7	56	0
7	57	0
7	58	0
7	59	0
7	60	0
7	61	0
7	62	0
7	63	0
7	64	0
7	65	0
7	66	0
7	67	0
7	68	0
7	69	0
7	70	0
7	71	0
7	72	0
7	73	0
7	74	0
7	75	0
7	76	0
7	77	0
7	78	0
7	79	0
7	80	0
7	81	0
7	82	0
7	83	0
7	84	0
7	85	0
7	86	0
7	87	0
7	88	0
7	89	0
7	90	0
7	91	0
7	92	0
7	93	0
7	94	0
7	95	0
7	96	0
7	97	0
7	98	0
7	99	0
7	100	0
7	101	0
7	102	0
7	103	0
7	104	0
7	105	0
7	106	0
7	107	0
7	108	0
7	109	0
7	110	0
7	111	0
7	112	0
7	113	0
7	114	0
7	115	0
7	116	0
7	117	0
7	118	0
7	119	0
7	120	0
7	121	0
7	122	0
7	123	0
7	124	0
7	125	0
7	126	0
7	127	0
7	128	0
7	129	0
7	130	0
7	131	0
7	132	0
7	133	0
7	134	0
7	135	0
7	136	0
7	137	0
7	138	0
7	139	0
7	140	0
7	141	0
7	142	0
7	143	0
7	144	0
8	1	0
8	2	0
8	3	0
8	4	0
8	5	0
8	6	0
8	7	0
8	8	0
8	9	0
8	10	0
8	11	0
8	12	0
8	13	0
8	14	0
8	15	0
8	16	0
8	17	0
8	18	0
8	19	0
8	20	0
8	21	0
8	22	0
8	23	0
8	24	0
8	25	0
8	26	0
8	27	0
8	28	0
8	29	0
8	30	0
8	31	0
8	32	0
8	33	0
8	34	0
8	35	0
8	36	0
8	37	0
8	38	0
8	39	0
8	40	0
8	41	0
8	42	0
8	43	0
8	44	0
8	45	0
8	46	0
8	47	0
8	48	0
8	49	0
8	50	0
8	51	0
8	52	0
8	53	0
8	54	0
8	55	0
8	56	0
8	57	0
8	58	0
8	59	0
8	60	0
8	61	0
8	62	0
8	63	0
8	64	0
8	65	0
8	66	0
8	67	0
8	68	0
8	69	0
8	70	0
8	71	0
8	72	0
8	73	0
8	74	0
8	75	0
8	76	0
8	77	0
8	78	0
8	79	0
8	80	0
8	81	0
8	82	0
8	83	0
8	84	0
8	85	0
8	86	0
8	87	0
8	88	0
8	89	0
8	90	0
8	91	0
8	92	0
8	93	0
8	94	0
8	95	0
8	96	0
8	97	0
8	98	0
8	99	0
8	100	0
8	101	0
8	102	0
8	103	0
8	104	0
8	105	0
8	106	0
8	107	0
8	108	0
8	109	0
8	110	0
8	111	0
8	112	0
8	113	0
8	114	0
8	115	0
8	116	0
8	117	0
8	118	0
8	119	0
8	120	0
8	121	0
8	122	0
8	123	0
8	124	0
8	125	0
8	126	0
8	127	0
8	128	0
8	129	0
8	130	0
8	131	0
8	132	0
8	133	0
8	134	0
8	135	0
8	136	0
8	137	0
8	138	0
8	139	0
8	140	0
8	141	0
8	142	0
8	143	0
8	144	0
9	1	0
9	2	0
9	3	0
9	4	0
9	5	0
9	6	0
9	7	0
9	8	0
9	9	0
9	10	0
9	11	0
9	12	0
9	13	0
9	14	0
9	15	0
9	16	0
9	17	0
9	18	0
9	19	0
9	20	0
9	21	0
9	22	0
9	23	0
9	24	0
9	25	0
9	26	0
9	27	0
9	28	0
9	29	0
9	30	0
9	31	0
9	32	0
9	33	0
9	34	0
9	35	0
9	36	0
9	37	0
9	38	0
9	39	0
9	40	0
9	41	0
9	42	0
9	43	0
9	44	0
9	45	0
9	46	0
9	47	0
9	48	0
9	49	0
9	50	0
9	51	0
9	52	0
9	53	0
9	54	0
9	55	0
9	56	0
9	57	0
9	58	0
9	59	0
9	60	0
9	61	0
9	62	0
9	63	0
9	64	0
9	65	0
9	66	0
9	67	0
9	68	0
9	69	0
9	70	0
9	71	0
9	72	0
9	73	0
9	74	0
9	75	0
9	76	0
9	77	0
9	78	0
9	79	0
9	80	0
9	81	0
9	82	0
9	83	0
9	84	0
9	85	0
9	86	0
9	87	0
9	88	0
9	89	0
9	90	0
9	91	0
9	92	0
9	93	0
9	94	0
9	95	0
9	96	0
9	97	0
9	98	0
9	99	0
9	100	0
9	101	0
9	102	0
9	103	0
9	104	0
9	105	0
9	106	0
9	107	0
9	108	0
9	109	0
9	110	0
9	111	0
9	112	0
9	113	0
9	114	0
9	115	0
9	116	0
9	117	0
9	118	0
9	119	0
9	120	0
9	121	0
9	122	0
9	123	0
9	124	0
9	125	0
9	126	0
9	127	0
9	128	0
9	129	0
9	130	0
9	131	0
9	132	0
9	133	0
9	134	0
9	135	0
9	136	0
9	137	0
9	138	0
9	139	0
9	140	0
9	141	0
9	142	0
9	143	0
9	144	0
10	1	0
10	2	0
10	3	0
10	4	0
10	5	0
10	6	0
10	7	0
10	8	0
10	9	0
10	10	0
10	11	0
10	12	0
10	13	0
10	14	0
10	15	0
10	16	0
10	17	0
10	18	0
10	19	0
10	20	0
10	21	0
10	22	0
10	23	0
10	24	0
10	25	0
10	26	0
10	27	0
10	28	0
10	29	0
10	30	0
10	31	0
10	32	0
10	33	0
10	34	0
10	35	0
10	36	0
10	37	0
10	38	0
10	39	0
10	40	0
10	41	0
10	42	0
10	43	0
10	44	0
10	45	0
10	46	0
10	47	0
10	48	0
10	49	0
10	50	0
10	51	0
10	52	0
10	53	0
10	54	0
10	55	0
10	56	0
10	57	0
10	58	0
10	59	0
10	60	0
10	61	0
10	62	0
10	63	0
10	64	0
10	65	0
10	66	0
10	67	0
10	68	0
10	69	0
10	70	0
10	71	0
10	72	0
10	73	0
10	74	0
10	75	0
10	76	0
10	77	0
10	78	0
10	79	0
10	80	0
10	81	0
10	82	0
10	83	0
10	84	0
10	85	0
10	86	0
10	87	0
10	88	0
10	89	0
10	90	0
10	91	0
10	92	0
10	93	0
10	94	0
10	95	0
10	96	0
10	97	0
10	98	0
10	99	0
10	100	0
10	101	0
10	102	0
10	103	0
10	104	0
10	105	0
10	106	0
10	107	0
10	108	0
10	109	0
10	110	0
10	111	0
10	112	0
10	113	0
10	114	0
10	115	0
10	116	0
10	117	0
10	118	0
10	119	0
10	120	0
10	121	0
10	122	0
10	123	0
10	124	0
10	125	0
10	126	0
10	127	0
10	128	0
10	129	0
10	130	0
10	131	0
10	132	0
10	133	0
10	134	0
10	135	0
10	136	0
10	137	0
10	138	0
10	139	0
10	140	0
10	141	0
10	142	0
10	143	0
10	144	0
11	1	0
11	2	0
11	3	0
11	4	0
11	5	0
11	6	0
11	7	0
11	8	0
11	9	0
11	10	0
11	11	0
11	12	0
11	13	0
11	14	0
11	15	0
11	16	0
11	17	0
11	18	0
11	19	0
11	20	0
11	21	0
11	22	0
11	23	0
11	24	0
11	25	0
11	26	0
11	27	0
11	28	0
11	29	0
11	30	0
11	31	0
11	32	0
11	33	0
11	34	0
11	35	0
11	36	0
11	37	0
11	38	0
11	39	0
11	40	0
11	41	0
11	42	0
11	43	0
11	44	0
11	45	0
11	46	0
11	47	0
11	48	0
11	49	0
11	50	0
11	51	0
11	52	0
11	53	0
11	54	0
11	55	0
11	56	0
11	57	0
11	58	0
11	59	0
11	60	0
11	61	0
11	62	0
11	63	0
11	64	0
11	65	0
11	66	0
11	67	0
11	68	0
11	69	0
11	70	0
11	71	0
11	72	0
11	73	0
11	74	0
11	75	0
11	76	0
11	77	0
11	78	0
11	79	0
11	80	0
11	81	0
11	82	0
11	83	0
11	84	0
11	85	0
11	86	0
11	87	0
11	88	0
11	89	0
11	90	0
11	91	0
11	92	0
11	93	0
11	94	0
11	95	0
11	96	0
11	97	0
11	98	0
11	99	0
11	100	0
11	101	0
11	102	0
11	103	0
11	104	0
11	105	0
11	106	0
11	107	0
11	108	0
11	109	0
11	110	0
11	111	0
11	112	0
11	113	0
11	114	0
11	115	0
11	116	0
11	117	0
11	118	0
11	119	0
11	120	0
11	121	0
11	122	0
11	123	0
11	124	0
11	125	0
11	126	0
11	127	0
11	128	0
11	129	0
11	130	0
11	131	0
11	132	0
11	133	0
11	134	0
11	135	0
11	136	0
11	137	0
11	138	0
11	139	0
11	140	0
11	141	0
11	142	0
11	143	0
11	144	0
12	1	0
12	2	0
12	3	0
12	4	0
12	5	0
12	6	0
12	7	0
12	8	0
12	9	0
12	10	0
12	11	0
12	12	0
12	13	0
12	14	0
12	15	0
12	16	0
12	17	0
12	18	0
12	19	0
12	20	0
12	21	0
12	22	0
12	23	0
12	24	0
12	25	0
12	26	0
12	27	0
12	28	0
12	29	0
12	30	0
12	31	0
12	32	0
12	33	0
12	34	0
12	35	0
12	36	0
12	37	0
12	38	0
12	39	0
12	40	0
12	41	0
12	42	0
12	43	0
12	44	0
12	45	0
12	46	0
12	47	0
12	48	0
12	49	0
12	50	0
12	51	0
12	52	0
12	53	0
12	54	0
12	55	0
12	56	0
12	57	0
12	58	0
12	59	0
12	60	0
12	61	0
12	62	0
12	63	0
12	64	0
12	65	0
12	66	0
12	67	0
12	68	0
12	69	0
12	70	0
12	71	0
12	72	0
12	73	0
12	74	0
12	75	0
12	76	0
12	77	0
12	78	0
12	79	0
12	80	0
12	81	0
12	82	0
12	83	0
12	84	0
12	85	0
12	86	0
12	87	0
12	88	0
12	89	0
12	90	0
12	91	0
12	92	0
12	93	0
12	94	0
12	95	0
12	96	0
12	97	0
12	98	0
12	99	0
12	100	0
12	101	0
12	102	0
12	103	0
12	104	0
12	105	0
12	106	0
12	107	0
12	108	0
12	109	0
12	110	0
12	111	0
12	112	0
12	113	0
12	114	0
12	115	0
12	116	0
12	117	0
12	118	0
12	119	0
12	120	0
12	121	0
12	122	0
12	123	0
12	124	0
12	125	0
12	126	0
12	127	0
12	128	0
12	129	0
12	130	0
12	131	0
12	132	0
12	133	0
12	134	0
12	135	0
12	136	0
12	137	0
12	138	0
12	139	0
12	140	0
12	141	0
12	142	0
12	143	0
12	144	0
13	1	0
13	2	0
13	3	0
13	4	0
13	5	0
13	6	0
13	7	0
13	8	0
13	9	0
13	10	0
13	11	0
13	12	0
13	13	0
13	14	0
13	15	0
13	16	0
13	17	0
13	18	0
13	19	0
13	20	0
13	21	0
13	22	0
13	23	0
13	24	0
13	25	0
13	26	0
13	27	0
13	28	0
13	29	0
13	30	0
13	31	0
13	32	0
13	33	0
13	34	0
13	35	0
13	36	0
13	37	0
13	38	0
13	39	0
13	40	0
13	41	0
13	42	0
13	43	0
13	44	0
13	45	0
13	46	0
13	47	0
13	48	0
13	49	0
13	50	0
13	51	0
13	52	0
13	53	0
13	54	0
13	55	0
13	56	0
13	57	0
13	58	0
13	59	0
13	60	0
13	61	0
13	62	0
13	63	0
13	64	0
13	65	0
13	66	0
13	67	0
13	68	0
13	69	0
13	70	0
13	71	0
13	72	0
13	73	0
13	74	0
13	75	0
13	76	0
13	77	0
13	78	0
13	79	0
13	80	0
13	81	0
13	82	0
13	83	0
13	84	0
13	85	0
13	86	0
13	87	0
13	88	0
13	89	0
13	90	0
13	91	0
13	92	0
13	93	0
13	94	0
13	95	0
13	96	0
13	97	0
13	98	0
13	99	0
13	100	0
13	101	0
13	102	0
13	103	0
13	104	0
13	105	0
13	106	0
13	107	0
13	108	0
13	109	0
13	110	0
13	111	0
13	112	0
13	113	0
13	114	0
13	115	0
13	116	0
13	117	0
13	118	0
13	119	0
13	120	0
13	121	0
13	122	0
13	123	0
13	124	0
13	125	0
13	126	0
13	127	0
13	128	0
13	129	0
13	130	0
13	131	0
13	132	0
13	133	0
13	134	0
13	135	0
13	136	0
13	137	0
13	138	0
13	139	0
13	140	0
13	141	0
13	142	0
13	143	0
13	144	0
14	1	0
14	2	0
14	3	0
14	4	0
14	5	0
14	6	0
14	7	0
14	8	0
14	9	0
14	10	0
14	11	0
14	12	0
14	13	0
14	14	0
14	15	0
14	16	0
14	17	0
14	18	0
14	19	0
14	20	0
14	21	0
14	22	0
14	23	0
14	24	0
14	25	0
14	26	0
14	27	0
14	28	0
14	29	0
14	30	0
14	31	0
14	32	0
14	33	0
14	34	0
14	35	0
14	36	0
14	37	0
14	38	0
14	39	0
14	40	0
14	41	0
14	42	0
14	43	0
14	44	0
14	45	0
14	46	0
14	47	0
14	48	0
14	49	0
14	50	0
14	51	0
14	52	0
14	53	0
14	54	0
14	55	0
14	56	0
14	57	0
14	58	0
14	59	0
14	60	0
14	61	0
14	62	0
14	63	0
14	64	0
14	65	0
14	66	0
14	67	0
14	68	0
14	69	0
14	70	0
14	71	0
14	72	0
14	73	0
14	74	0
14	75	0
14	76	0
14	77	0
14	78	0
14	79	0
14	80	0
14	81	0
14	82	0
14	83	0
14	84	0
14	85	0
14	86	0
14	87	0
14	88	0
14	89	0
14	90	0
14	91	0
14	92	0
14	93	0
14	94	0
14	95	0
14	96	0
14	97	0
14	98	0
14	99	0
14	100	0
14	101	0
14	102	0
14	103	0
14	104	0
14	105	0
14	106	0
14	107	0
14	108	0
14	109	0
14	110	0
14	111	0
14	112	0
14	113	0
14	114	0
14	115	0
14	116	0
14	117	0
14	118	0
14	119	0
14	120	0
14	121	0
14	122	0
14	123	0
14	124	0
14	125	0
14	126	0
14	127	0
14	128	0
14	129	0
14	130	0
14	131	0
14	132	0
14	133	0
14	134	0
14	135	0
14	136	0
14	137	0
14	138	0
14	139	0
14	140	0
14	141	0
14	142	0
14	143	0
14	144	0
15	1	0
15	2	0
15	3	0
15	4	0
15	5	0
15	6	0
15	7	0
15	8	0
15	9	0
15	10	0
15	11	0
15	12	0
15	13	0
15	14	0
15	15	0
15	16	0
15	17	0
15	18	0
15	19	0
15	20	0
15	21	0
15	22	0
15	23	0
15	24	0
15	25	0
15	26	0
15	27	0
15	28	0
15	29	0
15	30	0
15	31	0
15	32	0
15	33	0
15	34	0
15	35	0
15	36	0
15	37	0
15	38	0
15	39	0
15	40	0
15	41	0
15	42	0
15	43	0
15	44	0
15	45	0
15	46	0
15	47	0
15	48	0
15	49	0
15	50	0
15	51	0
15	52	0
15	53	0
15	54	0
15	55	0
15	56	0
15	57	0
15	58	0
15	59	0
15	60	0
15	61	0
15	62	0
15	63	0
15	64	0
15	65	0
15	66	0
15	67	0
15	68	0
15	69	0
15	70	0
15	71	0
15	72	0
15	73	0
15	74	0
15	75	0
15	76	0
15	77	0
15	78	0
15	79	0
15	80	0
15	81	0
15	82	0
15	83	0
15	84	0
15	85	0
15	86	0
15	87	0
15	88	0
15	89	0
15	90	0
15	91	0
15	92	0
15	93	0
15	94	0
15	95	0
15	96	0
15	97	0
15	98	0
15	99	0
15	100	0
15	101	0
15	102	0
15	103	0
15	104	0
15	105	0
15	106	0
15	107	0
15	108	0
15	109	0
15	110	0
15	111	0
15	112	0
15	113	0
15	114	0
15	115	0
15	116	0
15	117	0
15	118	0
15	119	0
15	120	0
15	121	0
15	122	0
15	123	0
15	124	0
15	125	0
15	126	0
15	127	0
15	128	0
15	129	0
15	130	0
15	131	0
15	132	0
15	133	0
15	134	0
15	135	0
15	136	0
15	137	0
15	138	0
15	139	0
15	140	0
15	141	0
15	142	0
15	143	0
15	144	0
16	1	0
16	2	0
16	3	0
16	4	0
16	5	0
16	6	0
16	7	0
16	8	0
16	9	0
16	10	0
16	11	0
16	12	0
16	13	0
16	14	0
16	15	0
16	16	0
16	17	0
16	18	0
16	19	0
16	20	0
16	21	0
16	22	0
16	23	0
16	24	0
16	25	0
16	26	0
16	27	0
16	28	0
16	29	0
16	30	0
16	31	0
16	32	0
16	33	0
16	34	0
16	35	0
16	36	0
16	37	0
16	38	0
16	39	0
16	40	0
16	41	0
16	42	0
16	43	0
16	44	0
16	45	0
16	46	0
16	47	0
16	48	0
16	49	0
16	50	0
16	51	0
16	52	0
16	53	0
16	54	0
16	55	0
16	56	0
16	57	0
16	58	0
16	59	0
16	60	0
16	61	0
16	62	0
16	63	0
16	64	0
16	65	0
16	66	0
16	67	0
16	68	0
16	69	0
16	70	0
16	71	0
16	72	0
16	73	0
16	74	0
16	75	0
16	76	0
16	77	0
16	78	0
16	79	0
16	80	0
16	81	0
16	82	0
16	83	0
16	84	0
16	85	0
16	86	0
16	87	0
16	88	0
16	89	0
16	90	0
16	91	0
16	92	0
16	93	0
16	94	0
16	95	0
16	96	0
16	97	0
16	98	0
16	99	0
16	100	0
16	101	0
16	102	0
16	103	0
16	104	0
16	105	0
16	106	0
16	107	0
16	108	0
16	109	0
16	110	0
16	111	0
16	112	0
16	113	0
16	114	0
16	115	0
16	116	0
16	117	0
16	118	0
16	119	0
16	120	0
16	121	0
16	122	0
16	123	0
16	124	0
16	125	0
16	126	0
16	127	0
16	128	0
16	129	0
16	130	0
16	131	0
16	132	0
16	133	0
16	134	0
16	135	0
16	136	0
16	137	0
16	138	0
16	139	0
16	140	0
16	141	0
16	142	0
16	143	0
16	144	0
17	1	0
17	2	0
17	3	0
17	4	0
17	5	0
17	6	0
17	7	0
17	8	0
17	9	0
17	10	0
17	11	0
17	12	0
17	13	0
17	14	0
17	15	0
17	16	0
17	17	0
17	18	0
17	19	0
17	20	0
17	21	0
17	22	0
17	23	0
17	24	0
17	25	0
17	26	0
17	27	0
17	28	0
17	29	0
17	30	0
17	31	0
17	32	0
17	33	0
17	34	0
17	35	0
17	36	0
17	37	0
17	38	0
17	39	0
17	40	0
17	41	0
17	42	0
17	43	0
17	44	0
17	45	0
17	46	0
17	47	0
17	48	0
17	49	0
17	50	0
17	51	0
17	52	0
17	53	0
17	54	0
17	55	0
17	56	0
17	57	0
17	58	0
17	59	0
17	60	0
17	61	0
17	62	0
17	63	0
17	64	0
17	65	0
17	66	0
17	67	0
17	68	0
17	69	0
17	70	0
17	71	0
17	72	0
17	73	0
17	74	0
17	75	0
17	76	0
17	77	0
17	78	0
17	79	0
17	80	0
17	81	0
17	82	0
17	83	0
17	84	0
17	85	0
17	86	0
17	87	0
17	88	0
17	89	0
17	90	0
17	91	0
17	92	0
17	93	0
17	94	0
17	95	0
17	96	0
17	97	0
17	98	0
17	99	0
17	100	0
17	101	0
17	102	0
17	103	0
17	104	0
17	105	0
17	106	0
17	107	0
17	108	0
17	109	0
17	110	0
17	111	0
17	112	0
17	113	0
17	114	0
17	115	0
17	116	0
17	117	0
17	118	0
17	119	0
17	120	0
17	121	0
17	122	0
17	123	0
17	124	0
17	125	0
17	126	0
17	127	0
17	128	0
17	129	0
17	130	0
17	131	0
17	132	0
17	133	0
17	134	0
17	135	0
17	136	0
17	137	0
17	138	0
17	139	0
17	140	0
17	141	0
17	142	0
17	143	0
17	144	0
18	1	0
18	2	0
18	3	0
18	4	0
18	5	0
18	6	0
18	7	0
18	8	0
18	9	0
18	10	0
18	11	0
18	12	0
18	13	0
18	14	0
18	15	0
18	16	0
18	17	0
18	18	0
18	19	0
18	20	0
18	21	0
18	22	0
18	23	0
18	24	0
18	25	0
18	26	0
18	27	0
18	28	0
18	29	0
18	30	0
18	31	0
18	32	0
18	33	0
18	34	0
18	35	0
18	36	0
18	37	0
18	38	0
18	39	0
18	40	0
18	41	0
18	42	0
18	43	0
18	44	0
18	45	0
18	46	0
18	47	0
18	48	0
18	49	0
18	50	0
18	51	0
18	52	0
18	53	0
18	54	0
18	55	0
18	56	0
18	57	0
18	58	0
18	59	0
18	60	0
18	61	0
18	62	0
18	63	0
18	64	0
18	65	0
18	66	0
18	67	0
18	68	0
18	69	0
18	70	0
18	71	0
18	72	0
18	73	0
18	74	0
18	75	0
18	76	0
18	77	0
18	78	0
18	79	0
18	80	0
18	81	0
18	82	0
18	83	0
18	84	0
18	85	0
18	86	0
18	87	0
18	88	0
18	89	0
18	90	0
18	91	0
18	92	0
18	93	0
18	94	0
18	95	0
18	96	0
18	97	0
18	98	0
18	99	0
18	100	0
18	101	0
18	102	0
18	103	0
18	104	0
18	105	0
18	106	0
18	107	0
18	108	0
18	109	0
18	110	0
18	111	0
18	112	0
18	113	0
18	114	0
18	115	0
18	116	0
18	117	0
18	118	0
18	119	0
18	120	0
18	121	0
18	122	0
18	123	0
18	124	0
18	125	0
18	126	0
18	127	0
18	128	0
18	129	0
18	130	0
18	131	0
18	132	0
18	133	0
18	134	0
18	135	0
18	136	0
18	137	0
18	138	0
18	139	0
18	140	0
18	141	0
18	142	0
18	143	0
18	144	0
19	1	0
19	2	0
19	3	0
19	4	0
19	5	0
19	6	0
19	7	0
19	8	0
19	9	0
19	10	0
19	11	0
19	12	0
19	13	0
19	14	0
19	15	0
19	16	0
19	17	0
19	18	0
19	19	0
19	20	0
19	21	0
19	22	0
19	23	0
19	24	0
19	25	0
19	26	0
19	27	0
19	28	0
19	29	0
19	30	0
19	31	0
19	32	0
19	33	0
19	34	0
19	35	0
19	36	0
19	37	0
19	38	0
19	39	0
19	40	0
19	41	0
19	42	0
19	43	0
19	44	0
19	45	0
19	46	0
19	47	0
19	48	0
19	49	0
19	50	0
19	51	0
19	52	0
19	53	0
19	54	0
19	55	0
19	56	0
19	57	0
19	58	0
19	59	0
19	60	0
19	61	0
19	62	0
19	63	0
19	64	0
19	65	0
19	66	0
19	67	0
19	68	0
19	69	0
19	70	0
19	71	0
19	72	0
19	73	0
19	74	0
19	75	0
19	76	0
19	77	0
19	78	0
19	79	0
19	80	0
19	81	0
19	82	0
19	83	0
19	84	0
19	85	0
19	86	0
19	87	0
19	88	0
19	89	0
19	90	0
19	91	0
19	92	0
19	93	0
19	94	0
19	95	0
19	96	0
19	97	0
19	98	0
19	99	0
19	100	0
19	101	0
19	102	0
19	103	0
19	104	0
19	105	0
19	106	0
19	107	0
19	108	0
19	109	0
19	110	0
19	111	0
19	112	0
19	113	0
19	114	0
19	115	0
19	116	0
19	117	0
19	118	0
19	119	0
19	120	0
19	121	0
19	122	0
19	123	0
19	124	0
19	125	0
19	126	0
19	127	0
19	128	0
19	129	0
19	130	0
19	131	0
19	132	0
19	133	0
19	134	0
19	135	0
19	136	0
19	137	0
19	138	0
19	139	0
19	140	0
19	141	0
19	142	0
19	143	0
19	144	0
20	1	0
20	2	0
20	3	0
20	4	0
20	5	0
20	6	0
20	7	0
20	8	0
20	9	0
20	10	0
20	11	0
20	12	0
20	13	0
20	14	0
20	15	0
20	16	0
20	17	0
20	18	0
20	19	0
20	20	0
20	21	0
20	22	0
20	23	0
20	24	0
20	25	0
20	26	0
20	27	0
20	28	0
20	29	0
20	30	0
20	31	0
20	32	0
20	33	0
20	34	0
20	35	0
20	36	0
20	37	0
20	38	0
20	39	0
20	40	0
20	41	0
20	42	0
20	43	0
20	44	0
20	45	0
20	46	0
20	47	0
20	48	0
20	49	0
20	50	0
20	51	0
20	52	0
20	53	0
20	54	0
20	55	0
20	56	0
20	57	0
20	58	0
20	59	0
20	60	0
20	61	0
20	62	0
20	63	0
20	64	0
20	65	0
20	66	0
20	67	0
20	68	0
20	69	0
20	70	0
20	71	0
20	72	0
20	73	0
20	74	0
20	75	0
20	76	0
20	77	0
20	78	0
20	79	0
20	80	0
20	81	0
20	82	0
20	83	0
20	84	0
20	85	0
20	86	0
20	87	0
20	88	0
20	89	0
20	90	0
20	91	0
20	92	0
20	93	0
20	94	0
20	95	0
20	96	0
20	97	0
20	98	0
20	99	0
20	100	0
20	101	0
20	102	0
20	103	0
20	104	0
20	105	0
20	106	0
20	107	0
20	108	0
20	109	0
20	110	0
20	111	0
20	112	0
20	113	0
20	114	0
20	115	0
20	116	0
20	117	0
20	118	0
20	119	0
20	120	0
20	121	0
20	122	0
20	123	0
20	124	0
20	125	0
20	126	0
20	127	0
20	128	0
20	129	0
20	130	0
20	131	0
20	132	0
20	133	0
20	134	0
20	135	0
20	136	0
20	137	0
20	138	0
20	139	0
20	140	0
20	141	0
20	142	0
20	143	0
20	144	0
21	1	0
21	2	0
21	3	0
21	4	0
21	5	0
21	6	0
21	7	0
21	8	0
21	9	0
21	10	0
21	11	0
21	12	0
21	13	0
21	14	0
21	15	0
21	16	0
21	17	0
21	18	0
21	19	0
21	20	0
21	21	0
21	22	0
21	23	0
21	24	0
21	25	0
21	26	0
21	27	0
21	28	0
21	29	0
21	30	0
21	31	0
21	32	0
21	33	0
21	34	0
21	35	0
21	36	0
21	37	0
21	38	0
21	39	0
21	40	0
21	41	0
21	42	0
21	43	0
21	44	0
21	45	0
21	46	0
21	47	0
21	48	0
21	49	0
21	50	0
21	51	0
21	52	0
21	53	0
21	54	0
21	55	0
21	56	0
21	57	0
21	58	0
21	59	0
21	60	0
21	61	0
21	62	0
21	63	0
21	64	0
21	65	0
21	66	0
21	67	0
21	68	0
21	69	0
21	70	0
21	71	0
21	72	0
21	73	0
21	74	0
21	75	0
21	76	0
21	77	0
21	78	0
21	79	0
21	80	0
21	81	0
21	82	0
21	83	0
21	84	0
21	85	0
21	86	0
21	87	0
21	88	0
21	89	0
21	90	0
21	91	0
21	92	0
21	93	0
21	94	0
21	95	0
21	96	0
21	97	0
21	98	0
21	99	0
21	100	0
21	101	0
21	102	0
21	103	0
21	104	0
21	105	0
21	106	0
21	107	0
21	108	0
21	109	0
21	110	0
21	111	0
21	112	0
21	113	0
21	114	0
21	115	0
21	116	0
21	117	0
21	118	0
21	119	0
21	120	0
21	121	0
21	122	0
21	123	0
21	124	0
21	125	0
21	126	0
21	127	0
21	128	0
21	129	0
21	130	0
21	131	0
21	132	0
21	133	0
21	134	0
21	135	0
21	136	0
21	137	0
21	138	0
21	139	0
21	140	0
21	141	0
21	142	0
21	143	0
21	144	0
22	1	0
22	2	0
22	3	0
22	4	0
22	5	0
22	6	0
22	7	0
22	8	0
22	9	0
22	10	0
22	11	0
22	12	0
22	13	0
22	14	0
22	15	0
22	16	0
22	17	0
22	18	0
22	19	0
22	20	0
22	21	0
22	22	0
22	23	0
22	24	0
22	25	0
22	26	0
22	27	0
22	28	0
22	29	0
22	30	0
22	31	0
22	32	0
22	33	0
22	34	0
22	35	0
22	36	0
22	37	0
22	38	0
22	39	0
22	40	0
22	41	0
22	42	0
22	43	0
22	44	0
22	45	0
22	46	0
22	47	0
22	48	0
22	49	0
22	50	0
22	51	0
22	52	0
22	53	0
22	54	0
22	55	0
22	56	0
22	57	0
22	58	0
22	59	0
22	60	0
22	61	0
22	62	0
22	63	0
22	64	0
22	65	0
22	66	0
22	67	0
22	68	0
22	69	0
22	70	0
22	71	0
22	72	0
22	73	0
22	74	0
22	75	0
22	76	0
22	77	0
22	78	0
22	79	0
22	80	0
22	81	0
22	82	0
22	83	0
22	84	0
22	85	0
22	86	0
22	87	0
22	88	0
22	89	0
22	90	0
22	91	0
22	92	0
22	93	0
22	94	0
22	95	0
22	96	0
22	97	0
22	98	0
22	99	0
22	100	0
22	101	0
22	102	0
22	103	0
22	104	0
22	105	0
22	106	0
22	107	0
22	108	0
22	109	0
22	110	0
22	111	0
22	112	0
22	113	0
22	114	0
22	115	0
22	116	0
22	117	0
22	118	0
22	119	0
22	120	0
22	121	0
22	122	0
22	123	0
22	124	0
22	125	0
22	126	0
22	127	0
22	128	0
22	129	0
22	130	0
22	131	0
22	132	0
22	133	0
22	134	0
22	135	0
22	136	0
22	137	0
22	138	0
22	139	0
22	140	0
22	141	0
22	142	0
22	143	0
22	144	0
23	1	0
23	2	0
23	3	0
23	4	0
23	5	0
23	6	0
23	7	0
23	8	0
23	9	0
23	10	0
23	11	0
23	12	0
23	13	0
23	14	0
23	15	0
23	16	0
23	17	0
23	18	0
23	19	0
23	20	0
23	21	0
23	22	0
23	23	0
23	24	0
23	25	0
23	26	0
23	27	0
23	28	0
23	29	0
23	30	0
23	31	0
23	32	0
23	33	0
23	34	0
23	35	0
23	36	0
23	37	0
23	38	0
23	39	0
23	40	0
23	41	0
23	42	0
23	43	0
23	44	0
23	45	0
23	46	0
23	47	0
23	48	0
23	49	0
23	50	0
23	51	0
23	52	0
23	53	0
23	54	0
23	55	0
23	56	0
23	57	0
23	58	0
23	59	0
23	60	0
23	61	0
23	62	0
23	63	0
23	64	0
23	65	0
23	66	0
23	67	0
23	68	0
23	69	0
23	70	0
23	71	0
23	72	0
23	73	0
23	74	0
23	75	0
23	76	0
23	77	0
23	78	0
23	79	0
23	80	0
23	81	0
23	82	0
23	83	0
23	84	0
23	85	0
23	86	0
23	87	0
23	88	0
23	89	0
23	90	0
23	91	0
23	92	0
23	93	0
23	94	0
23	95	0
23	96	0
23	97	0
23	98	0
23	99	0
23	100	0
23	101	0
23	102	0
23	103	0
23	104	0
23	105	0
23	106	0
23	107	0
23	108	0
23	109	0
23	110	0
23	111	0
23	112	0
23	113	0
23	114	0
23	115	0
23	116	0
23	117	0
23	118	0
23	119	0
23	120	0
23	121	0
23	122	0
23	123	0
23	124	0
23	125	0
23	126	0
23	127	0
23	128	0
23	129	0
23	130	0
23	131	0
23	132	0
23	133	0
23	134	0
23	135	0
23	136	0
23	137	0
23	138	0
23	139	0
23	140	0
23	141	0
23	142	0
23	143	0
23	144	0
24	60	0
24	61	0
24	62	0
24	63	0
24	64	0
24	65	0
24	66	0
24	67	0
24	68	0
24	69	0
24	70	0
24	71	0
25	75	0
97	2	0
26	6	0
26	7	0
114	13	0
97	29	0
26	10	0
26	11	0
26	77	0
26	91	0
26	92	0
26	93	0
26	94	0
26	95	0
26	96	0
26	97	0
26	98	0
26	99	0
26	100	0
26	101	0
26	102	0
26	103	0
26	104	0
26	105	0
26	106	0
26	107	0
26	108	0
27	91	0
27	92	0
27	93	0
28	7	0
28	8	0
28	9	0
28	10	0
28	97	0
28	98	0
28	99	0
29	105	0
29	106	0
29	107	0
29	108	0
30	15	0
31	15	0
32	15	0
33	16	0
33	35	0
33	36	0
33	37	0
33	38	0
33	39	0
33	40	0
33	41	0
34	44	0
34	45	0
35	142	0
36	34	0
37	9	0
37	13	0
37	79	0
37	93	0
37	98	0
37	106	0
37	108	0
37	109	0
37	110	0
37	111	0
38	5	0
38	8	0
38	12	0
38	92	0
38	94	0
38	95	0
38	96	0
38	97	0
39	42	0
40	21	0
41	21	0
42	142	0
42	143	0
42	144	0
106	95	0
97	1	0
106	114	0
97	27	0
46	91	0
106	79	0
43	2	0
114	109	0
43	29	0
106	105	0
43	1	0
106	144	0
43	27	0
106	109	0
106	111	0
112	88	0
112	85	0
43	12	0
44	127	0
44	128	0
44	129	0
44	130	0
44	131	0
44	132	0
44	133	0
44	134	0
44	135	0
44	136	0
44	137	0
52	5	0
44	141	0
45	60	0
45	61	0
45	62	0
45	69	0
115	45	0
103	104	0
103	107	0
115	6	0
115	11	0
115	92	0
46	93	0
46	95	0
46	97	0
46	99	0
46	101	0
46	103	0
46	105	0
46	107	0
46	109	0
46	111	0
45	88	0
45	85	0
115	98	0
115	100	0
115	102	0
103	8	0
103	94	0
103	96	0
103	105	0
47	47	0
47	48	0
47	49	0
47	50	0
47	51	0
47	52	0
47	53	0
47	54	0
47	55	0
47	56	0
47	57	0
47	58	0
47	59	0
48	1	0
48	2	0
48	3	0
48	4	0
48	5	0
48	6	0
48	7	0
48	8	0
48	9	0
48	10	0
48	11	0
48	12	0
48	13	0
48	14	0
48	15	0
48	16	0
48	17	0
48	18	0
48	19	0
48	20	0
48	21	0
48	22	0
48	23	0
48	24	0
48	25	0
48	26	0
48	27	0
48	28	0
48	29	0
48	30	0
48	31	0
48	32	0
48	33	0
48	34	0
48	35	0
48	36	0
48	37	0
48	38	0
48	39	0
48	40	0
48	41	0
48	42	0
48	43	0
48	44	0
48	45	0
48	46	0
48	47	0
48	48	0
48	49	0
48	50	0
48	51	0
48	52	0
48	53	0
48	54	0
48	55	0
48	56	0
48	57	0
48	58	0
48	59	0
48	60	0
48	61	0
48	62	0
48	63	0
48	64	0
48	65	0
48	66	0
48	67	0
48	68	0
48	69	0
48	70	0
48	71	0
48	72	0
48	73	0
48	74	0
48	75	0
48	76	0
48	77	0
48	78	0
48	79	0
48	80	0
48	81	0
48	82	0
48	83	0
48	84	0
48	85	0
48	86	0
48	87	0
48	88	0
48	89	0
48	90	0
48	91	0
48	92	0
48	93	0
48	94	0
48	95	0
48	96	0
48	97	0
48	98	0
48	99	0
48	100	0
48	101	0
48	102	0
48	103	0
48	104	0
48	105	0
48	106	0
48	107	0
48	108	0
48	109	0
48	110	0
48	111	0
48	112	0
48	113	0
48	114	0
48	115	0
48	116	0
48	117	0
48	118	0
48	119	0
48	120	0
48	121	0
48	122	0
48	123	0
48	124	0
48	125	0
48	126	0
48	127	0
48	128	0
48	129	0
48	130	0
48	131	0
48	132	0
48	133	0
48	134	0
48	135	0
48	136	0
48	137	0
48	138	0
48	139	0
48	140	0
48	141	0
48	142	0
48	143	0
48	144	0
49	1	0
49	2	0
49	3	0
49	4	0
49	5	0
49	6	0
49	7	0
49	8	0
49	9	0
49	10	0
49	11	0
49	12	0
49	13	0
49	14	0
49	15	0
49	16	0
49	17	0
49	18	0
49	19	0
49	20	0
49	21	0
49	22	0
49	23	0
49	24	0
49	25	0
49	26	0
49	27	0
49	28	0
49	29	0
49	30	0
49	31	0
49	32	0
49	33	0
49	34	0
49	35	0
49	36	0
49	37	0
49	38	0
49	39	0
49	40	0
49	41	0
49	42	0
49	43	0
49	44	0
49	45	0
49	46	0
49	47	0
49	48	0
49	49	0
49	50	0
49	51	0
49	52	0
49	53	0
49	54	0
49	55	0
49	56	0
49	57	0
49	58	0
49	59	0
49	60	0
49	61	0
49	62	0
49	63	0
49	64	0
49	65	0
49	66	0
49	67	0
49	68	0
49	69	0
49	70	0
49	71	0
49	72	0
49	73	0
49	74	0
49	75	0
49	76	0
49	77	0
49	78	0
49	79	0
49	80	0
49	81	0
49	82	0
49	83	0
49	84	0
49	85	0
49	86	0
49	87	0
49	88	0
49	89	0
49	90	0
49	91	0
49	92	0
49	93	0
49	94	0
49	95	0
49	96	0
49	97	0
49	98	0
49	99	0
49	100	0
49	101	0
49	102	0
49	103	0
49	104	0
49	105	0
49	106	0
49	107	0
49	108	0
49	109	0
49	110	0
49	111	0
49	112	0
49	113	0
49	114	0
49	115	0
49	116	0
49	117	0
49	118	0
49	119	0
49	120	0
49	121	0
49	122	0
49	123	0
49	124	0
49	125	0
49	126	0
49	127	0
49	128	0
49	129	0
49	130	0
49	131	0
49	132	0
49	133	0
49	134	0
49	135	0
49	136	0
49	137	0
49	138	0
49	139	0
49	140	0
49	141	0
49	142	0
49	143	0
49	144	0
50	1	0
50	2	0
50	3	0
50	4	0
50	5	0
50	6	0
50	7	0
50	8	0
50	9	0
50	10	0
50	11	0
50	12	0
50	13	0
50	14	0
50	15	0
50	16	0
50	17	0
50	18	0
50	19	0
50	20	0
50	21	0
50	22	0
50	23	0
50	24	0
50	25	0
50	26	0
50	27	0
50	28	0
50	29	0
50	30	0
50	31	0
50	32	0
50	33	0
50	34	0
50	35	0
50	36	0
50	37	0
50	38	0
50	39	0
50	40	0
50	41	0
50	42	0
50	43	0
50	44	0
50	45	0
50	46	0
50	47	0
50	48	0
50	49	0
50	50	0
50	51	0
50	52	0
50	53	0
50	54	0
50	55	0
50	56	0
50	57	0
50	58	0
50	59	0
50	60	0
50	61	0
50	62	0
50	63	0
50	64	0
50	65	0
50	66	0
50	67	0
50	68	0
50	69	0
50	70	0
50	71	0
50	72	0
50	73	0
50	74	0
50	75	0
50	76	0
50	77	0
50	78	0
50	79	0
50	80	0
50	81	0
50	82	0
50	83	0
50	84	0
50	85	0
50	86	0
50	87	0
50	88	0
50	89	0
50	90	0
50	91	0
50	92	0
50	93	0
50	94	0
50	95	0
50	96	0
50	97	0
50	98	0
50	99	0
50	100	0
50	101	0
50	102	0
50	103	0
50	104	0
50	105	0
50	106	0
50	107	0
50	108	0
50	109	0
50	110	0
50	111	0
50	112	0
50	113	0
50	114	0
50	115	0
50	116	0
50	117	0
50	118	0
50	119	0
50	120	0
50	121	0
50	122	0
50	123	0
50	124	0
50	125	0
50	126	0
50	127	0
50	128	0
50	129	0
50	130	0
50	131	0
50	132	0
50	133	0
50	134	0
50	135	0
50	136	0
50	137	0
50	138	0
50	139	0
50	140	0
50	141	0
50	142	0
50	143	0
50	144	0
73	1	0
73	2	0
73	3	0
73	4	0
73	5	0
73	6	0
73	7	0
73	8	0
73	9	0
73	10	0
73	11	0
73	12	0
73	13	0
73	14	0
73	15	0
73	16	0
73	17	0
73	18	0
73	19	0
73	20	0
73	21	0
73	22	0
73	23	0
73	24	0
73	25	0
73	26	0
73	27	0
73	28	0
73	29	0
73	30	0
73	31	0
73	32	0
73	33	0
73	34	0
73	35	0
73	36	0
73	37	0
73	38	0
73	39	0
73	40	0
73	41	0
73	42	0
73	43	0
73	44	0
73	45	0
73	46	0
73	47	0
73	48	0
73	49	0
73	50	0
73	51	0
73	52	0
73	53	0
73	54	0
73	55	0
73	56	0
73	57	0
73	58	0
73	59	0
73	60	0
73	61	0
73	62	0
73	63	0
73	64	0
73	65	0
73	66	0
73	67	0
73	68	0
73	69	0
73	70	0
73	71	0
73	72	0
73	73	0
73	74	0
73	75	0
73	76	0
73	77	0
73	78	0
73	79	0
73	80	0
73	81	0
73	82	0
73	83	0
73	84	0
73	85	0
73	86	0
73	87	0
73	88	0
73	89	0
73	90	0
73	91	0
73	92	0
73	93	0
73	94	0
73	95	0
73	96	0
73	97	0
73	98	0
73	99	0
73	100	0
73	101	0
73	102	0
73	103	0
73	104	0
73	105	0
73	106	0
73	107	0
73	108	0
73	109	0
73	110	0
73	111	0
73	112	0
73	113	0
73	114	0
73	115	0
73	116	0
73	117	0
73	118	0
73	119	0
73	120	0
73	121	0
73	122	0
73	123	0
73	124	0
73	125	0
73	126	0
73	127	0
73	128	0
73	129	0
73	130	0
73	131	0
73	132	0
73	133	0
73	134	0
73	135	0
73	136	0
73	137	0
73	138	0
73	139	0
73	140	0
73	141	0
73	142	0
73	143	0
73	144	0
110	142	0
43	30	0
74	28	0
46	112	0
46	92	0
46	94	0
46	96	0
46	98	0
46	100	0
46	102	0
46	104	0
46	106	0
46	108	0
46	110	0
46	113	0
106	2	0
106	4	0
106	9	0
74	17	0
106	17	0
106	19	0
106	22	0
106	24	0
106	28	0
106	32	0
106	43	0
106	60	0
106	62	0
106	65	0
106	67	0
106	69	0
106	71	0
106	73	0
106	75	0
106	77	0
106	78	0
74	19	0
106	84	0
106	86	0
106	88	0
106	90	0
106	92	0
98	92	0
98	94	0
106	98	0
106	104	0
106	106	0
106	108	0
98	96	0
106	116	0
106	118	0
106	120	0
106	122	0
106	124	0
106	126	0
106	139	0
106	142	0
98	98	0
106	128	0
106	130	0
106	132	0
106	134	0
106	136	0
106	137	0
74	22	0
74	24	0
98	100	0
74	32	0
74	43	0
74	72	0
74	76	0
74	81	0
74	86	0
74	89	0
74	93	0
74	98	0
74	108	0
74	116	0
74	118	0
74	120	0
74	122	0
74	124	0
74	126	0
74	139	0
108	1	0
108	3	0
108	5	0
108	7	0
108	9	0
108	11	0
108	13	0
108	15	0
108	21	0
108	27	0
108	30	0
108	35	0
108	37	0
108	39	0
108	41	0
108	44	0
108	47	0
108	49	0
108	51	0
108	53	0
108	55	0
108	56	0
108	58	0
108	60	0
108	62	0
108	64	0
108	66	0
108	68	0
108	70	0
108	73	0
108	77	0
108	80	0
108	84	0
108	90	0
108	94	0
108	96	0
108	100	0
108	102	0
108	104	0
108	107	0
108	110	0
108	112	0
108	114	0
108	128	0
108	130	0
108	132	0
108	134	0
108	136	0
108	141	0
108	143	0
98	102	0
98	104	0
95	89	0
95	104	0
95	115	0
95	117	0
95	119	0
95	126	0
95	128	0
95	130	0
95	132	0
95	134	0
95	137	0
95	139	0
95	141	0
95	143	0
94	60	0
94	62	0
94	64	0
94	66	0
94	68	0
94	70	0
93	1	0
93	3	0
92	44	0
98	106	0
91	7	0
98	108	0
91	11	0
91	91	0
91	93	0
91	95	0
91	97	0
91	99	0
91	101	0
91	103	0
91	105	0
91	107	0
90	75	0
89	2	0
89	4	0
89	6	0
89	8	0
89	10	0
89	12	0
89	14	0
89	16	0
89	18	0
89	20	0
89	22	0
89	24	0
89	26	0
89	28	0
89	30	0
89	32	0
89	34	0
89	36	0
89	38	0
89	40	0
89	42	0
89	44	0
89	46	0
89	48	0
89	50	0
89	52	0
89	54	0
89	56	0
89	57	0
89	58	0
89	59	0
89	60	0
89	61	0
89	62	0
89	63	0
89	64	0
89	65	0
89	66	0
89	67	0
89	68	0
89	69	0
89	70	0
89	71	0
89	72	0
89	73	0
89	74	0
89	75	0
89	76	0
89	77	0
89	78	0
89	79	0
89	80	0
89	81	0
89	82	0
89	83	0
89	84	0
89	85	0
89	86	0
89	87	0
89	88	0
89	89	0
89	90	0
89	91	0
89	92	0
89	93	0
89	94	0
89	95	0
89	96	0
89	97	0
89	98	0
89	99	0
89	100	0
89	101	0
89	102	0
89	103	0
89	104	0
89	105	0
89	106	0
89	107	0
89	108	0
89	109	0
89	110	0
89	111	0
89	112	0
89	113	0
89	114	0
89	115	0
89	116	0
89	117	0
89	118	0
89	119	0
89	120	0
89	121	0
89	122	0
89	123	0
89	124	0
89	125	0
95	61	0
95	63	0
95	65	0
95	67	0
95	69	0
95	71	0
95	73	0
95	75	0
95	77	0
95	84	0
75	2	0
75	4	0
75	6	0
75	8	0
75	10	0
75	12	0
75	14	0
75	16	0
75	18	0
75	20	0
75	22	0
75	24	0
75	26	0
75	28	0
75	30	0
75	32	0
75	34	0
75	36	0
75	38	0
75	40	0
75	42	0
75	44	0
75	46	0
75	48	0
75	50	0
75	52	0
75	54	0
75	56	0
75	58	0
75	60	0
75	62	0
75	64	0
75	66	0
75	68	0
75	70	0
75	72	0
75	74	0
75	76	0
75	78	0
75	80	0
75	82	0
75	84	0
75	86	0
75	88	0
75	90	0
75	92	0
100	61	0
100	69	0
101	47	0
101	49	0
101	51	0
101	53	0
101	55	0
101	57	0
101	59	0
68	50	0
68	52	0
68	54	0
68	56	0
68	58	0
68	60	0
68	62	0
68	64	0
55	60	0
55	61	0
55	62	0
55	63	0
55	64	0
55	65	0
55	66	0
55	67	0
55	68	0
55	69	0
55	70	0
55	71	0
55	6	0
55	11	0
55	91	0
55	100	0
55	102	0
55	104	0
107	5	0
107	9	0
107	93	0
107	95	0
107	97	0
55	15	0
55	35	0
55	37	0
55	39	0
55	41	0
55	45	0
55	77	0
54	1	0
54	2	0
54	3	0
54	4	0
54	5	0
54	6	0
54	7	0
54	8	0
54	9	0
54	10	0
54	11	0
54	12	0
54	13	0
54	14	0
54	15	0
54	16	0
54	17	0
54	18	0
54	19	0
54	20	0
54	21	0
54	22	0
54	23	0
54	24	0
54	25	0
54	26	0
54	27	0
54	28	0
54	29	0
54	30	0
54	31	0
54	32	0
54	33	0
54	34	0
54	35	0
54	36	0
54	37	0
54	38	0
54	39	0
54	40	0
54	41	0
54	42	0
54	43	0
54	44	0
54	45	0
54	46	0
54	47	0
54	48	0
54	49	0
54	50	0
54	51	0
54	52	0
54	53	0
54	54	0
54	55	0
54	56	0
54	57	0
54	58	0
54	59	0
54	60	0
54	61	0
54	62	0
54	63	0
54	64	0
54	65	0
54	66	0
54	67	0
54	68	0
54	69	0
54	70	0
54	71	0
54	72	0
54	73	0
54	74	0
54	75	0
54	76	0
54	77	0
54	78	0
54	79	0
54	80	0
54	81	0
54	82	0
54	83	0
54	84	0
54	85	0
54	86	0
54	87	0
54	88	0
54	89	0
54	90	0
54	91	0
54	92	0
54	93	0
54	94	0
54	95	0
54	96	0
54	97	0
54	98	0
54	99	0
54	100	0
54	101	0
54	102	0
54	103	0
54	104	0
54	105	0
54	106	0
54	107	0
54	108	0
54	109	0
54	110	0
54	111	0
54	112	0
54	113	0
54	114	0
54	115	0
54	116	0
54	117	0
54	118	0
54	119	0
54	120	0
54	121	0
54	122	0
54	123	0
54	124	0
54	125	0
54	126	0
54	127	0
54	128	0
54	129	0
54	130	0
54	131	0
54	132	0
54	133	0
54	134	0
54	135	0
54	136	0
54	137	0
54	138	0
54	139	0
54	140	0
54	141	0
54	142	0
54	143	0
54	144	0
75	1	0
75	3	0
75	5	0
75	7	0
75	9	0
75	11	0
75	13	0
75	15	0
75	17	0
75	19	0
75	21	0
75	23	0
75	25	0
75	27	0
75	29	0
75	31	0
75	33	0
75	35	0
75	37	0
75	39	0
75	41	0
75	43	0
75	45	0
75	47	0
75	49	0
75	51	0
75	53	0
75	55	0
75	57	0
75	59	0
75	61	0
75	63	0
75	65	0
75	67	0
75	69	0
75	71	0
75	73	0
75	75	0
75	77	0
75	79	0
75	81	0
75	83	0
75	85	0
75	87	0
75	89	0
75	91	0
75	93	0
75	94	0
75	95	0
75	96	0
75	97	0
75	98	0
75	99	0
75	100	0
75	101	0
75	102	0
75	103	0
75	104	0
75	105	0
75	106	0
75	107	0
75	108	0
75	109	0
75	110	0
75	111	0
75	112	0
75	113	0
75	114	0
75	115	0
75	116	0
75	117	0
75	118	0
75	119	0
75	120	0
75	121	0
75	122	0
75	123	0
75	124	0
75	125	0
75	126	0
75	127	0
75	128	0
75	129	0
75	130	0
75	131	0
75	132	0
75	133	0
75	134	0
75	135	0
75	136	0
75	137	0
75	138	0
75	139	0
75	140	0
75	141	0
75	142	0
75	143	0
75	144	0
76	1	0
76	2	0
76	3	0
76	4	0
76	5	0
76	6	0
76	7	0
76	8	0
76	9	0
76	10	0
76	11	0
76	12	0
76	13	0
76	14	0
76	15	0
76	16	0
76	17	0
76	18	0
76	19	0
76	20	0
76	21	0
76	22	0
76	23	0
76	24	0
76	25	0
76	26	0
76	27	0
76	28	0
76	29	0
76	30	0
76	31	0
76	32	0
76	33	0
76	34	0
76	35	0
76	36	0
76	37	0
76	38	0
76	39	0
76	40	0
76	41	0
76	42	0
76	43	0
76	44	0
76	45	0
76	46	0
76	47	0
76	48	0
76	49	0
76	50	0
76	51	0
76	52	0
76	53	0
76	54	0
76	55	0
76	56	0
76	57	0
76	58	0
76	59	0
76	60	0
76	61	0
76	62	0
76	63	0
76	64	0
76	65	0
76	66	0
76	67	0
76	68	0
76	69	0
76	70	0
76	71	0
76	72	0
76	73	0
76	74	0
76	75	0
76	76	0
76	77	0
76	78	0
76	79	0
76	80	0
76	81	0
76	82	0
76	83	0
76	84	0
76	85	0
76	86	0
76	87	0
76	88	0
76	89	0
76	90	0
76	91	0
76	92	0
76	93	0
76	94	0
76	95	0
76	96	0
76	97	0
76	98	0
76	99	0
76	100	0
76	101	0
76	102	0
76	103	0
76	104	0
76	105	0
76	106	0
76	107	0
76	108	0
76	109	0
76	110	0
76	111	0
76	112	0
76	113	0
76	114	0
76	115	0
76	116	0
76	117	0
76	118	0
76	119	0
76	120	0
76	121	0
76	122	0
76	123	0
76	124	0
76	125	0
76	126	0
76	127	0
76	128	0
76	129	0
76	130	0
76	131	0
76	132	0
76	133	0
76	134	0
76	135	0
76	136	0
76	137	0
76	138	0
76	139	0
76	140	0
76	141	0
76	142	0
76	143	0
76	144	0
77	1	0
77	2	0
77	3	0
77	4	0
77	5	0
77	6	0
77	7	0
77	8	0
77	9	0
77	10	0
77	11	0
77	12	0
77	13	0
77	14	0
77	15	0
77	16	0
77	17	0
77	18	0
77	19	0
77	20	0
77	21	0
77	22	0
77	23	0
77	24	0
77	25	0
77	26	0
77	27	0
77	28	0
77	29	0
77	30	0
77	31	0
77	32	0
77	33	0
77	34	0
77	35	0
77	36	0
77	37	0
77	38	0
77	39	0
77	40	0
77	41	0
77	42	0
77	43	0
77	44	0
77	45	0
77	46	0
77	47	0
77	48	0
77	49	0
77	50	0
77	51	0
77	52	0
77	53	0
77	54	0
77	55	0
77	56	0
77	57	0
77	58	0
77	59	0
77	60	0
77	61	0
77	62	0
77	63	0
77	64	0
77	65	0
77	66	0
77	67	0
77	68	0
77	69	0
77	70	0
77	71	0
77	72	0
77	73	0
77	74	0
77	75	0
77	76	0
77	77	0
77	78	0
77	79	0
77	80	0
77	81	0
77	82	0
77	83	0
77	84	0
77	85	0
77	86	0
77	87	0
77	88	0
77	89	0
77	90	0
77	91	0
77	92	0
77	93	0
77	94	0
77	95	0
77	96	0
77	97	0
77	98	0
77	99	0
77	100	0
77	101	0
77	102	0
77	103	0
77	104	0
77	105	0
77	106	0
77	107	0
77	108	0
77	109	0
77	110	0
77	111	0
77	112	0
77	113	0
77	114	0
77	115	0
77	116	0
77	117	0
77	118	0
77	119	0
77	120	0
77	121	0
77	122	0
77	123	0
77	124	0
77	125	0
77	126	0
77	127	0
77	128	0
77	129	0
77	130	0
77	131	0
77	132	0
77	133	0
77	134	0
77	135	0
77	136	0
77	137	0
77	138	0
77	139	0
77	140	0
77	141	0
77	142	0
77	143	0
77	144	0
78	1	0
78	2	0
78	3	0
78	4	0
78	5	0
78	6	0
78	7	0
78	8	0
78	9	0
78	10	0
78	11	0
78	12	0
78	13	0
78	14	0
78	15	0
78	16	0
78	17	0
78	18	0
78	19	0
78	20	0
78	21	0
78	22	0
78	23	0
78	24	0
78	25	0
78	26	0
78	27	0
78	28	0
78	29	0
78	30	0
78	31	0
78	32	0
78	33	0
78	34	0
78	35	0
78	36	0
78	37	0
78	38	0
78	39	0
78	40	0
78	41	0
78	42	0
78	43	0
78	44	0
78	45	0
78	46	0
78	47	0
78	48	0
78	49	0
78	50	0
78	51	0
78	52	0
78	53	0
78	54	0
78	55	0
78	56	0
78	57	0
78	58	0
78	59	0
78	60	0
78	61	0
78	62	0
78	63	0
78	64	0
78	65	0
78	66	0
78	67	0
78	68	0
78	69	0
78	70	0
78	71	0
78	72	0
78	73	0
78	74	0
78	75	0
78	76	0
78	77	0
78	78	0
78	79	0
78	80	0
78	81	0
78	82	0
78	83	0
78	84	0
78	85	0
78	86	0
78	87	0
78	88	0
78	89	0
78	90	0
78	91	0
78	92	0
78	93	0
78	94	0
78	95	0
78	96	0
78	97	0
78	98	0
78	99	0
78	100	0
78	101	0
78	102	0
78	103	0
78	104	0
78	105	0
78	106	0
78	107	0
78	108	0
78	109	0
78	110	0
78	111	0
78	112	0
78	113	0
78	114	0
78	115	0
78	116	0
78	117	0
78	118	0
78	119	0
78	120	0
78	121	0
78	122	0
78	123	0
78	124	0
78	125	0
78	126	0
78	127	0
78	128	0
78	129	0
78	130	0
78	131	0
78	132	0
78	133	0
78	134	0
78	135	0
78	136	0
78	137	0
78	138	0
78	139	0
78	140	0
78	141	0
78	142	0
78	143	0
78	144	0
79	1	0
79	2	0
79	3	0
79	4	0
79	5	0
79	6	0
79	7	0
79	8	0
79	9	0
79	10	0
79	11	0
79	12	0
79	13	0
79	14	0
79	15	0
79	16	0
79	17	0
79	18	0
79	19	0
79	20	0
79	21	0
79	22	0
79	23	0
79	24	0
79	25	0
79	26	0
79	27	0
79	28	0
79	29	0
79	30	0
79	31	0
79	32	0
79	33	0
79	34	0
79	35	0
79	36	0
79	37	0
79	38	0
79	39	0
79	40	0
79	41	0
79	42	0
79	43	0
79	44	0
79	45	0
79	46	0
79	47	0
79	48	0
79	49	0
79	50	0
79	51	0
79	52	0
79	53	0
79	54	0
79	55	0
79	56	0
79	57	0
79	58	0
79	59	0
79	60	0
79	61	0
79	62	0
79	63	0
79	64	0
79	65	0
79	66	0
79	67	0
79	68	0
79	69	0
79	70	0
79	71	0
79	72	0
79	73	0
79	74	0
79	75	0
79	76	0
79	77	0
79	78	0
79	79	0
79	80	0
79	81	0
79	82	0
79	83	0
79	84	0
79	85	0
79	86	0
79	87	0
79	88	0
79	89	0
79	90	0
79	91	0
79	92	0
79	93	0
79	94	0
79	95	0
79	96	0
79	97	0
79	98	0
79	99	0
79	100	0
79	101	0
79	102	0
79	103	0
79	104	0
79	105	0
79	106	0
79	107	0
79	108	0
79	109	0
79	110	0
79	111	0
79	112	0
79	113	0
79	114	0
79	115	0
79	116	0
79	117	0
79	118	0
79	119	0
79	120	0
79	121	0
79	122	0
79	123	0
79	124	0
79	125	0
79	126	0
79	127	0
79	128	0
79	129	0
79	130	0
79	131	0
79	132	0
79	133	0
79	134	0
79	135	0
79	136	0
79	137	0
79	138	0
79	139	0
79	140	0
79	141	0
79	142	0
79	143	0
79	144	0
80	1	0
80	2	0
80	3	0
80	4	0
80	5	0
80	6	0
80	7	0
80	8	0
80	9	0
80	10	0
80	11	0
80	12	0
80	13	0
80	14	0
80	15	0
80	16	0
80	17	0
80	18	0
80	19	0
80	20	0
80	21	0
80	22	0
80	23	0
80	24	0
80	25	0
80	26	0
80	27	0
80	28	0
80	29	0
80	30	0
80	31	0
80	32	0
80	33	0
80	34	0
80	35	0
80	36	0
80	37	0
80	38	0
80	39	0
80	40	0
80	41	0
80	42	0
80	43	0
80	44	0
80	45	0
80	46	0
80	47	0
80	48	0
80	49	0
80	50	0
80	51	0
80	52	0
80	53	0
80	54	0
80	55	0
80	56	0
80	57	0
80	58	0
80	59	0
80	60	0
80	61	0
80	62	0
80	63	0
80	64	0
80	65	0
80	66	0
80	67	0
80	68	0
80	69	0
80	70	0
80	71	0
80	72	0
80	73	0
80	74	0
80	75	0
80	76	0
80	77	0
80	78	0
80	79	0
80	80	0
80	81	0
80	82	0
80	83	0
80	84	0
80	85	0
80	86	0
80	87	0
80	88	0
80	89	0
80	90	0
80	91	0
80	92	0
80	93	0
80	94	0
80	95	0
80	96	0
80	97	0
80	98	0
80	99	0
80	100	0
80	101	0
80	102	0
80	103	0
80	104	0
80	105	0
80	106	0
80	107	0
80	108	0
80	109	0
80	110	0
80	111	0
80	112	0
80	113	0
80	114	0
80	115	0
80	116	0
80	117	0
80	118	0
80	119	0
80	120	0
80	121	0
80	122	0
80	123	0
80	124	0
80	125	0
80	126	0
80	127	0
80	128	0
80	129	0
80	130	0
80	131	0
80	132	0
80	133	0
80	134	0
80	135	0
80	136	0
80	137	0
80	138	0
80	139	0
80	140	0
80	141	0
80	142	0
80	143	0
80	144	0
81	1	0
81	2	0
81	3	0
81	4	0
81	5	0
81	6	0
81	7	0
81	8	0
81	9	0
81	10	0
81	11	0
81	12	0
81	13	0
81	14	0
81	15	0
81	16	0
81	17	0
81	18	0
81	19	0
81	20	0
81	21	0
81	22	0
81	23	0
81	24	0
81	25	0
81	26	0
81	27	0
81	28	0
81	29	0
81	30	0
81	31	0
81	32	0
81	33	0
81	34	0
81	35	0
81	36	0
81	37	0
81	38	0
81	39	0
81	40	0
81	41	0
81	42	0
81	43	0
81	44	0
81	45	0
81	46	0
81	47	0
81	48	0
81	49	0
81	50	0
81	51	0
81	52	0
81	53	0
81	54	0
81	55	0
81	56	0
81	57	0
81	58	0
81	59	0
81	60	0
81	61	0
81	62	0
81	63	0
81	64	0
81	65	0
81	66	0
81	67	0
81	68	0
81	69	0
81	70	0
81	71	0
81	72	0
81	73	0
81	74	0
81	75	0
81	76	0
81	77	0
81	78	0
81	79	0
81	80	0
81	81	0
81	82	0
81	83	0
81	84	0
81	85	0
81	86	0
81	87	0
81	88	0
81	89	0
81	90	0
81	91	0
81	92	0
81	93	0
81	94	0
81	95	0
81	96	0
81	97	0
81	98	0
81	99	0
81	100	0
81	101	0
81	102	0
81	103	0
81	104	0
81	105	0
81	106	0
81	107	0
81	108	0
81	109	0
81	110	0
81	111	0
81	112	0
81	113	0
81	114	0
81	115	0
81	116	0
81	117	0
81	118	0
81	119	0
81	120	0
81	121	0
81	122	0
81	123	0
81	124	0
81	125	0
81	126	0
81	127	0
81	128	0
81	129	0
81	130	0
81	131	0
81	132	0
81	133	0
81	134	0
81	135	0
81	136	0
81	137	0
81	138	0
81	139	0
81	140	0
81	141	0
81	142	0
81	143	0
81	144	0
82	1	0
82	2	0
82	3	0
82	4	0
82	5	0
82	6	0
82	7	0
82	8	0
82	9	0
82	10	0
82	11	0
82	12	0
82	13	0
82	14	0
82	15	0
82	16	0
82	17	0
82	18	0
82	19	0
82	20	0
82	21	0
82	22	0
82	23	0
82	24	0
82	25	0
82	26	0
82	27	0
82	28	0
82	29	0
82	30	0
82	31	0
82	32	0
82	33	0
82	34	0
82	35	0
82	36	0
82	37	0
82	38	0
82	39	0
82	40	0
82	41	0
82	42	0
82	43	0
82	44	0
82	45	0
82	46	0
82	47	0
82	48	0
82	49	0
82	50	0
82	51	0
82	52	0
82	53	0
82	54	0
82	55	0
82	56	0
82	57	0
82	58	0
82	59	0
82	60	0
82	61	0
82	62	0
82	63	0
82	64	0
82	65	0
82	66	0
82	67	0
82	68	0
82	69	0
82	70	0
82	71	0
82	72	0
82	73	0
82	74	0
82	75	0
82	76	0
82	77	0
82	78	0
82	79	0
82	80	0
82	81	0
82	82	0
82	83	0
82	84	0
82	85	0
82	86	0
82	87	0
82	88	0
82	89	0
82	90	0
82	91	0
82	92	0
82	93	0
82	94	0
82	95	0
82	96	0
82	97	0
82	98	0
82	99	0
82	100	0
82	101	0
82	102	0
82	103	0
82	104	0
82	105	0
82	106	0
82	107	0
82	108	0
82	109	0
82	110	0
82	111	0
82	112	0
82	113	0
82	114	0
82	115	0
82	116	0
82	117	0
82	118	0
82	119	0
82	120	0
82	121	0
82	122	0
82	123	0
82	124	0
82	125	0
82	126	0
82	127	0
82	128	0
82	129	0
82	130	0
82	131	0
82	132	0
82	133	0
82	134	0
82	135	0
82	136	0
82	137	0
82	138	0
82	139	0
82	140	0
82	141	0
82	142	0
82	143	0
82	144	0
45	84	0
45	73	0
45	90	0
68	91	0
68	93	0
68	95	0
68	97	0
68	99	0
68	101	0
68	103	0
68	105	0
68	107	0
68	109	0
68	111	0
68	113	0
68	115	0
68	117	0
68	119	0
68	121	0
68	123	0
68	125	0
68	127	0
68	129	0
68	131	0
68	133	0
68	135	0
68	137	0
68	139	0
68	141	0
68	143	0
69	1	0
69	2	0
69	3	0
69	4	0
69	6	0
69	8	0
69	10	0
69	12	0
69	14	0
69	16	0
69	18	0
69	20	0
69	22	0
69	24	0
69	26	0
69	28	0
69	30	0
69	32	0
69	34	0
69	36	0
69	38	0
69	40	0
69	42	0
69	44	0
69	46	0
69	48	0
69	50	0
69	52	0
69	54	0
69	56	0
69	57	0
69	58	0
69	59	0
69	60	0
69	61	0
69	62	0
69	63	0
69	64	0
69	65	0
69	66	0
69	67	0
69	68	0
69	69	0
69	70	0
69	71	0
69	72	0
69	73	0
69	74	0
69	75	0
69	76	0
69	77	0
69	78	0
69	79	0
69	80	0
69	81	0
69	82	0
69	83	0
69	84	0
69	85	0
69	86	0
69	87	0
69	88	0
69	89	0
69	90	0
69	91	0
69	92	0
69	93	0
69	94	0
69	95	0
69	96	0
69	97	0
69	98	0
69	99	0
69	100	0
69	101	0
69	102	0
69	103	0
69	104	0
69	105	0
69	106	0
69	107	0
69	108	0
69	109	0
69	110	0
69	111	0
69	112	0
69	113	0
69	114	0
69	115	0
69	116	0
69	117	0
69	118	0
69	119	0
69	120	0
69	121	0
69	122	0
69	123	0
69	124	0
69	125	0
69	126	0
69	127	0
69	128	0
69	129	0
84	1	0
84	2	0
84	3	0
84	4	0
84	5	0
84	6	0
84	7	0
84	8	0
84	9	0
84	10	0
84	11	0
84	12	0
84	13	0
84	14	0
84	15	0
84	16	0
84	17	0
84	18	0
84	19	0
84	20	0
84	21	0
84	22	0
84	23	0
84	24	0
84	25	0
84	26	0
84	27	0
84	28	0
84	29	0
84	30	0
84	31	0
84	32	0
84	33	0
84	34	0
84	35	0
84	36	0
84	37	0
84	38	0
84	39	0
84	40	0
84	41	0
84	42	0
84	43	0
84	44	0
84	45	0
84	46	0
84	47	0
84	48	0
84	49	0
84	50	0
84	51	0
84	52	0
84	53	0
84	54	0
84	55	0
84	56	0
84	57	0
84	58	0
84	59	0
84	60	0
84	61	0
84	62	0
84	63	0
84	64	0
84	65	0
84	66	0
84	67	0
84	68	0
84	69	0
84	70	0
84	71	0
84	72	0
84	73	0
84	74	0
84	75	0
84	76	0
84	77	0
84	78	0
84	79	0
84	80	0
84	81	0
84	82	0
84	83	0
84	84	0
84	85	0
84	86	0
84	87	0
84	88	0
84	89	0
84	90	0
84	91	0
84	92	0
84	93	0
84	94	0
84	95	0
84	96	0
84	97	0
84	98	0
84	99	0
84	100	0
84	101	0
84	102	0
84	103	0
84	104	0
84	105	0
84	106	0
84	107	0
84	108	0
84	109	0
84	110	0
84	111	0
84	112	0
84	113	0
84	114	0
84	115	0
84	116	0
84	117	0
84	118	0
84	119	0
84	120	0
84	121	0
84	122	0
84	123	0
84	124	0
84	125	0
84	126	0
84	127	0
84	128	0
84	129	0
84	130	0
84	131	0
84	132	0
84	133	0
84	134	0
84	135	0
84	136	0
84	137	0
84	138	0
84	139	0
84	140	0
84	141	0
84	142	0
84	143	0
84	144	0
85	1	0
85	2	0
85	3	0
85	4	0
85	5	0
85	6	0
85	7	0
85	8	0
85	9	0
85	10	0
85	11	0
85	12	0
85	13	0
85	14	0
85	15	0
85	16	0
85	17	0
85	18	0
85	19	0
85	20	0
85	21	0
85	22	0
85	23	0
85	24	0
85	25	0
85	26	0
85	27	0
85	28	0
85	29	0
85	30	0
85	31	0
85	32	0
85	33	0
85	34	0
85	35	0
85	36	0
85	37	0
85	38	0
85	39	0
85	40	0
85	41	0
85	42	0
85	43	0
85	44	0
85	45	0
85	46	0
85	47	0
85	48	0
85	49	0
85	50	0
85	51	0
85	52	0
85	53	0
85	54	0
85	55	0
85	56	0
85	57	0
85	58	0
85	59	0
85	60	0
85	61	0
85	62	0
85	63	0
85	64	0
85	65	0
85	66	0
85	67	0
85	68	0
85	69	0
85	70	0
85	71	0
85	72	0
85	73	0
85	74	0
85	75	0
85	76	0
85	77	0
85	78	0
85	79	0
85	80	0
85	81	0
85	82	0
85	83	0
85	84	0
85	85	0
85	86	0
85	87	0
85	88	0
85	89	0
85	90	0
85	91	0
85	92	0
85	93	0
85	94	0
85	95	0
85	96	0
85	97	0
85	98	0
85	99	0
85	100	0
85	101	0
85	102	0
85	103	0
85	104	0
85	105	0
85	106	0
85	107	0
85	108	0
85	109	0
85	110	0
85	111	0
85	112	0
85	113	0
85	114	0
85	115	0
85	116	0
85	117	0
85	118	0
85	119	0
85	120	0
85	121	0
85	122	0
85	123	0
85	124	0
85	125	0
85	126	0
85	127	0
85	128	0
85	129	0
85	130	0
85	131	0
85	132	0
85	133	0
85	134	0
85	135	0
85	136	0
85	137	0
85	138	0
85	139	0
85	140	0
85	141	0
85	142	0
85	143	0
85	144	0
86	1	0
86	2	0
86	3	0
86	4	0
86	5	0
86	6	0
86	7	0
86	8	0
86	9	0
86	10	0
86	11	0
86	12	0
86	13	0
86	14	0
86	15	0
86	16	0
86	17	0
86	18	0
86	19	0
86	20	0
86	21	0
86	22	0
86	23	0
86	24	0
86	25	0
86	26	0
86	27	0
86	28	0
86	29	0
86	30	0
86	31	0
86	32	0
86	33	0
86	34	0
86	35	0
86	36	0
86	37	0
86	38	0
86	39	0
86	40	0
86	41	0
86	42	0
86	43	0
86	44	0
86	45	0
86	46	0
86	47	0
86	48	0
86	49	0
86	50	0
86	51	0
86	52	0
86	53	0
86	54	0
86	55	0
86	56	0
86	57	0
86	58	0
86	59	0
86	60	0
86	61	0
86	62	0
86	63	0
86	64	0
86	65	0
86	66	0
86	67	0
86	68	0
86	69	0
86	70	0
86	71	0
86	72	0
86	73	0
86	74	0
86	75	0
86	76	0
86	77	0
86	78	0
86	79	0
86	80	0
86	81	0
86	82	0
86	83	0
86	84	0
86	85	0
86	86	0
86	87	0
86	88	0
86	89	0
86	90	0
86	91	0
86	92	0
86	93	0
86	94	0
86	95	0
86	96	0
86	97	0
86	98	0
86	99	0
86	100	0
86	101	0
86	102	0
86	103	0
86	104	0
86	105	0
86	106	0
86	107	0
86	108	0
86	109	0
86	110	0
86	111	0
86	112	0
86	113	0
86	114	0
86	115	0
86	116	0
86	117	0
86	118	0
86	119	0
86	120	0
86	121	0
86	122	0
86	123	0
86	124	0
86	125	0
86	126	0
86	127	0
86	128	0
86	129	0
86	130	0
86	131	0
86	132	0
86	133	0
86	134	0
86	135	0
86	136	0
86	137	0
86	138	0
86	139	0
86	140	0
86	141	0
86	142	0
86	143	0
86	144	0
95	60	0
95	62	0
95	64	0
95	66	0
95	68	0
95	70	0
95	72	0
95	74	0
95	76	0
95	83	0
95	85	0
95	88	0
95	90	0
95	114	0
95	116	0
95	118	0
95	120	0
95	127	0
95	129	0
95	131	0
95	133	0
95	136	0
95	138	0
95	140	0
95	144	0
94	61	0
94	63	0
94	65	0
94	67	0
94	69	0
94	71	0
93	2	0
93	4	0
92	45	0
91	6	0
91	10	0
91	77	0
91	92	0
91	94	0
91	96	0
91	98	0
91	100	0
91	102	0
91	104	0
91	106	0
91	108	0
89	1	0
89	3	0
89	5	0
89	7	0
89	9	0
89	11	0
89	13	0
89	15	0
89	17	0
89	19	0
89	21	0
89	23	0
89	25	0
89	27	0
89	29	0
89	31	0
89	33	0
89	35	0
89	37	0
89	39	0
89	41	0
89	43	0
89	45	0
89	47	0
89	49	0
89	51	0
89	53	0
89	55	0
89	126	0
89	127	0
89	128	0
89	129	0
89	130	0
89	131	0
89	132	0
89	133	0
89	134	0
89	135	0
89	136	0
89	137	0
89	138	0
89	139	0
89	140	0
89	141	0
89	142	0
89	143	0
89	144	0
88	1	0
88	2	0
88	3	0
88	4	0
88	5	0
88	6	0
88	7	0
88	8	0
88	9	0
88	10	0
88	11	0
88	12	0
88	13	0
88	14	0
88	15	0
88	16	0
88	17	0
88	18	0
88	19	0
88	20	0
88	21	0
88	22	0
88	23	0
88	24	0
88	25	0
88	26	0
88	27	0
88	28	0
88	29	0
88	30	0
88	31	0
88	32	0
88	33	0
88	34	0
88	35	0
88	36	0
88	37	0
88	38	0
88	39	0
88	40	0
88	41	0
88	42	0
88	43	0
88	44	0
88	45	0
88	46	0
88	47	0
88	48	0
88	49	0
88	50	0
88	51	0
88	52	0
88	53	0
88	54	0
88	55	0
88	56	0
88	57	0
88	58	0
88	59	0
88	60	0
88	61	0
88	62	0
88	63	0
88	64	0
88	65	0
88	66	0
88	67	0
88	68	0
88	69	0
88	70	0
88	71	0
88	72	0
88	73	0
88	74	0
88	75	0
88	76	0
88	77	0
88	78	0
88	79	0
88	80	0
88	81	0
88	82	0
88	83	0
88	84	0
88	85	0
88	86	0
88	87	0
88	88	0
88	89	0
88	90	0
88	91	0
88	92	0
88	93	0
88	94	0
88	95	0
88	96	0
88	97	0
88	98	0
88	99	0
88	100	0
88	101	0
88	102	0
88	103	0
88	104	0
88	105	0
88	106	0
88	107	0
88	108	0
88	109	0
88	110	0
88	111	0
88	112	0
88	113	0
88	114	0
88	115	0
88	116	0
88	117	0
88	118	0
88	119	0
88	120	0
88	121	0
88	122	0
88	123	0
88	124	0
88	125	0
88	126	0
88	127	0
88	128	0
88	129	0
88	130	0
88	131	0
88	132	0
88	133	0
88	134	0
88	135	0
88	136	0
88	137	0
88	138	0
88	139	0
88	140	0
88	141	0
88	142	0
88	143	0
88	144	0
68	2	0
68	4	0
68	6	0
68	8	0
68	10	0
68	12	0
68	14	0
68	16	0
68	18	0
68	20	0
68	22	0
68	24	0
68	26	0
68	28	0
68	30	0
68	32	0
68	34	0
68	36	0
68	38	0
68	40	0
68	42	0
68	44	0
68	46	0
68	48	0
68	49	0
68	51	0
68	53	0
68	55	0
68	57	0
68	59	0
68	61	0
68	63	0
68	65	0
68	66	0
68	68	0
68	70	0
68	72	0
68	74	0
68	76	0
68	78	0
68	80	0
102	2	0
102	4	0
102	61	0
102	63	0
102	65	0
102	67	0
102	69	0
102	71	0
102	73	0
102	75	0
102	77	0
102	84	0
102	88	0
102	90	0
102	114	0
102	116	0
102	118	0
102	120	0
102	127	0
102	129	0
102	131	0
102	133	0
102	136	0
102	138	0
102	140	0
102	144	0
68	82	0
68	84	0
68	86	0
68	88	0
102	1	0
102	3	0
102	60	0
97	128	0
97	130	0
97	132	0
97	134	0
97	136	0
97	141	0
114	110	0
114	111	0
102	62	0
43	110	0
43	111	0
114	79	0
100	60	0
100	62	0
101	48	0
101	50	0
101	52	0
101	54	0
101	56	0
101	58	0
102	64	0
102	66	0
102	68	0
102	70	0
102	72	0
102	74	0
102	76	0
102	83	0
102	85	0
102	89	0
102	104	0
102	115	0
102	117	0
102	119	0
102	126	0
102	128	0
102	130	0
102	132	0
102	134	0
102	137	0
102	139	0
102	141	0
102	143	0
103	75	0
104	1	0
104	2	0
104	3	0
104	4	0
104	5	0
104	6	0
104	7	0
104	8	0
104	9	0
104	10	0
104	11	0
104	12	0
104	13	0
104	14	0
104	15	0
104	16	0
104	17	0
104	18	0
104	19	0
104	20	0
104	21	0
104	22	0
104	23	0
104	24	0
104	25	0
104	26	0
104	27	0
104	28	0
104	29	0
104	30	0
104	31	0
104	32	0
104	33	0
104	34	0
104	35	0
104	36	0
104	37	0
104	38	0
104	39	0
104	40	0
104	41	0
104	42	0
104	43	0
104	44	0
104	45	0
104	46	0
104	47	0
104	48	0
104	49	0
104	50	0
104	51	0
104	52	0
104	53	0
104	54	0
104	55	0
104	56	0
104	57	0
104	58	0
104	59	0
104	60	0
104	61	0
104	62	0
104	63	0
104	64	0
104	65	0
104	66	0
104	67	0
104	68	0
104	69	0
104	70	0
104	71	0
104	72	0
104	73	0
104	74	0
104	75	0
104	76	0
104	77	0
104	78	0
104	79	0
104	80	0
104	81	0
104	82	0
104	83	0
104	84	0
104	85	0
104	86	0
104	87	0
104	88	0
104	89	0
104	90	0
104	91	0
104	92	0
104	93	0
104	94	0
104	95	0
104	96	0
104	97	0
104	98	0
104	99	0
104	100	0
104	101	0
104	102	0
104	103	0
104	104	0
104	105	0
104	106	0
104	107	0
104	108	0
104	109	0
104	110	0
104	111	0
104	112	0
104	113	0
104	114	0
104	115	0
104	116	0
104	117	0
104	118	0
104	119	0
104	120	0
104	121	0
104	122	0
104	123	0
104	124	0
104	125	0
104	126	0
104	127	0
104	128	0
104	129	0
104	130	0
104	131	0
104	132	0
104	133	0
104	134	0
104	135	0
104	136	0
104	137	0
104	138	0
104	139	0
104	140	0
104	141	0
104	142	0
104	143	0
104	144	0
68	1	0
68	3	0
68	5	0
68	7	0
68	9	0
68	11	0
68	13	0
68	15	0
68	17	0
68	19	0
68	21	0
68	23	0
68	25	0
68	27	0
68	29	0
68	31	0
68	33	0
68	35	0
68	37	0
68	39	0
68	41	0
68	43	0
68	45	0
68	47	0
69	130	0
69	131	0
69	132	0
69	133	0
69	134	0
69	135	0
69	136	0
69	137	0
69	138	0
69	139	0
69	140	0
69	141	0
69	142	0
69	143	0
69	144	0
72	1	0
72	2	0
72	3	0
72	4	0
72	5	0
72	6	0
72	7	0
72	8	0
72	9	0
72	10	0
72	11	0
72	12	0
72	13	0
72	14	0
72	15	0
72	16	0
72	17	0
72	18	0
72	19	0
72	20	0
72	21	0
72	22	0
72	23	0
72	24	0
72	25	0
72	26	0
72	27	0
72	28	0
72	29	0
72	30	0
72	31	0
72	32	0
72	33	0
72	34	0
72	35	0
72	36	0
72	37	0
72	38	0
72	39	0
72	40	0
72	41	0
72	42	0
72	43	0
72	44	0
72	45	0
72	46	0
72	47	0
72	48	0
72	49	0
72	50	0
72	51	0
72	52	0
72	53	0
72	54	0
72	55	0
72	56	0
72	57	0
72	58	0
72	59	0
72	60	0
72	61	0
72	62	0
72	63	0
72	64	0
72	65	0
72	66	0
72	67	0
72	68	0
72	69	0
72	70	0
72	71	0
72	72	0
72	73	0
72	74	0
72	75	0
72	76	0
72	77	0
72	78	0
72	79	0
72	80	0
72	81	0
72	82	0
72	83	0
72	84	0
72	85	0
72	86	0
72	87	0
72	88	0
72	89	0
72	90	0
72	91	0
72	92	0
72	93	0
72	94	0
72	95	0
72	96	0
72	97	0
72	98	0
72	99	0
72	100	0
72	101	0
72	102	0
72	103	0
72	104	0
72	105	0
72	106	0
72	107	0
72	108	0
72	109	0
72	110	0
72	111	0
72	112	0
72	113	0
72	114	0
72	115	0
72	116	0
72	117	0
72	118	0
72	119	0
72	120	0
72	121	0
72	122	0
72	123	0
72	124	0
72	125	0
72	126	0
72	127	0
72	128	0
72	129	0
72	130	0
72	131	0
72	132	0
72	133	0
72	134	0
72	135	0
72	136	0
72	137	0
72	138	0
72	139	0
72	140	0
72	141	0
72	142	0
72	143	0
72	144	0
70	1	0
70	2	0
70	3	0
70	4	0
70	5	0
70	6	0
70	7	0
70	8	0
70	9	0
70	10	0
70	11	0
70	12	0
70	13	0
70	14	0
70	15	0
70	16	0
70	17	0
70	18	0
70	19	0
70	20	0
70	21	0
70	22	0
70	23	0
70	24	0
70	25	0
70	26	0
70	27	0
70	28	0
70	29	0
70	30	0
70	31	0
70	32	0
70	33	0
70	34	0
70	35	0
70	36	0
70	37	0
70	38	0
70	39	0
70	40	0
70	41	0
70	42	0
70	43	0
70	44	0
70	45	0
70	46	0
70	47	0
70	48	0
70	49	0
70	50	0
70	51	0
70	52	0
70	53	0
70	54	0
70	55	0
70	56	0
70	57	0
70	58	0
70	59	0
70	60	0
70	61	0
70	62	0
70	63	0
70	64	0
70	65	0
70	66	0
70	67	0
70	68	0
70	69	0
70	70	0
70	71	0
70	72	0
70	73	0
70	74	0
70	75	0
70	76	0
70	77	0
70	78	0
70	79	0
70	80	0
70	81	0
70	82	0
70	83	0
70	84	0
70	85	0
70	86	0
70	87	0
70	88	0
70	89	0
70	90	0
70	91	0
70	92	0
70	93	0
70	94	0
70	95	0
70	96	0
70	97	0
70	98	0
70	99	0
70	100	0
70	101	0
70	102	0
70	103	0
70	104	0
70	105	0
70	106	0
70	107	0
70	108	0
70	109	0
70	110	0
70	111	0
70	112	0
70	113	0
70	114	0
70	115	0
70	116	0
70	117	0
70	118	0
70	119	0
70	120	0
70	121	0
70	122	0
70	123	0
70	124	0
70	125	0
70	126	0
70	127	0
70	128	0
70	129	0
70	130	0
70	131	0
70	132	0
70	133	0
70	134	0
70	135	0
70	136	0
70	137	0
70	138	0
70	139	0
70	140	0
70	141	0
70	142	0
70	143	0
70	144	0
71	1	0
71	2	0
71	3	0
71	4	0
71	5	0
71	6	0
71	7	0
71	8	0
71	9	0
71	10	0
71	11	0
71	12	0
71	13	0
71	14	0
71	15	0
71	16	0
71	17	0
71	18	0
71	19	0
71	20	0
71	21	0
71	22	0
71	23	0
71	24	0
71	25	0
71	26	0
71	27	0
71	28	0
71	29	0
71	30	0
71	31	0
71	32	0
71	33	0
71	34	0
71	35	0
71	36	0
71	37	0
71	38	0
71	39	0
71	40	0
71	41	0
71	42	0
71	43	0
71	44	0
71	45	0
71	46	0
71	47	0
71	48	0
71	49	0
71	50	0
71	51	0
71	52	0
71	53	0
71	54	0
71	55	0
71	56	0
71	57	0
71	58	0
71	59	0
71	60	0
71	61	0
71	62	0
71	63	0
71	64	0
71	65	0
71	66	0
71	67	0
71	68	0
71	69	0
71	70	0
71	71	0
71	72	0
71	73	0
71	74	0
71	75	0
71	76	0
71	77	0
71	78	0
71	79	0
71	80	0
71	81	0
71	82	0
71	83	0
71	84	0
71	85	0
71	86	0
71	87	0
71	88	0
71	89	0
71	90	0
71	91	0
71	92	0
71	93	0
71	94	0
71	95	0
71	96	0
71	97	0
71	98	0
71	99	0
71	100	0
71	101	0
71	102	0
71	103	0
71	104	0
71	105	0
71	106	0
71	107	0
71	108	0
71	109	0
71	110	0
71	111	0
71	112	0
71	113	0
71	114	0
71	115	0
71	116	0
71	117	0
71	118	0
71	119	0
71	120	0
71	121	0
71	122	0
71	123	0
71	124	0
71	125	0
71	126	0
71	127	0
71	128	0
71	129	0
71	130	0
71	131	0
71	132	0
71	133	0
71	134	0
71	135	0
71	136	0
71	137	0
71	138	0
71	139	0
71	140	0
71	141	0
71	142	0
71	143	0
71	144	0
53	34	0
53	9	0
53	13	0
53	79	0
53	93	0
53	98	0
53	106	0
53	108	0
53	109	0
53	110	0
53	111	0
53	5	0
53	8	0
53	12	0
53	92	0
53	94	0
53	95	0
53	96	0
53	97	0
53	42	0
53	21	0
53	142	0
53	143	0
53	144	0
108	88	0
97	4	0
97	26	0
97	80	0
97	127	0
43	13	0
97	3	0
97	14	0
46	114	0
97	129	0
97	131	0
97	133	0
97	135	0
97	137	0
97	82	0
97	113	0
43	4	0
43	26	0
43	80	0
43	109	0
43	3	0
43	14	0
43	79	0
43	82	0
43	113	0
97	30	0
95	142	0
112	84	0
112	73	0
112	90	0
106	13	0
116	6	0
116	10	0
116	14	0
116	21	0
116	27	0
116	30	0
116	35	0
116	37	0
108	57	0
108	59	0
108	61	0
108	63	0
108	65	0
108	67	0
108	69	0
108	71	0
108	75	0
108	79	0
108	82	0
108	85	0
108	91	0
108	95	0
108	99	0
108	101	0
108	103	0
108	105	0
108	109	0
108	111	0
108	113	0
108	127	0
108	129	0
108	131	0
108	133	0
108	135	0
108	137	0
108	142	0
108	144	0
106	12	0
115	44	0
103	9	0
103	77	0
115	5	0
98	91	0
98	93	0
98	95	0
98	97	0
98	99	0
98	101	0
98	103	0
98	105	0
98	107	0
98	109	0
98	110	0
98	113	0
113	112	0
115	7	0
115	10	0
116	5	0
115	93	0
116	7	0
115	97	0
116	11	0
115	101	0
115	103	0
115	106	0
115	108	0
103	91	0
103	95	0
103	99	0
116	16	0
116	26	0
116	29	0
116	34	0
116	36	0
116	38	0
116	39	0
116	41	0
116	44	0
116	47	0
116	49	0
116	51	0
116	53	0
116	55	0
116	57	0
116	59	0
116	82	0
116	101	0
116	103	0
103	60	0
103	62	0
103	64	0
103	66	0
103	68	0
103	70	0
87	1	0
87	2	0
87	3	0
87	4	0
87	5	0
87	6	0
87	7	0
87	8	0
87	9	0
87	10	0
87	11	0
87	12	0
87	13	0
87	14	0
87	15	0
87	16	0
87	17	0
87	18	0
87	19	0
87	20	0
87	21	0
87	22	0
87	23	0
87	24	0
87	25	0
87	26	0
87	27	0
87	28	0
87	29	0
87	30	0
87	31	0
87	32	0
87	33	0
87	34	0
87	35	0
87	36	0
87	37	0
87	38	0
87	39	0
87	40	0
87	41	0
87	42	0
87	43	0
87	44	0
87	45	0
87	46	0
87	47	0
87	48	0
87	49	0
87	50	0
87	51	0
87	52	0
87	53	0
87	54	0
87	55	0
87	56	0
87	57	0
87	58	0
87	59	0
87	60	0
87	61	0
87	62	0
87	63	0
87	64	0
87	65	0
87	66	0
87	67	0
87	68	0
87	69	0
87	70	0
87	71	0
87	72	0
87	73	0
87	74	0
87	75	0
87	76	0
87	77	0
87	78	0
87	79	0
87	80	0
87	81	0
87	82	0
87	83	0
87	84	0
87	85	0
87	86	0
87	87	0
87	88	0
87	89	0
87	90	0
87	91	0
87	92	0
87	93	0
87	94	0
87	95	0
87	96	0
87	97	0
87	98	0
87	99	0
87	100	0
87	101	0
87	102	0
87	103	0
87	104	0
87	105	0
87	106	0
87	107	0
87	108	0
87	109	0
87	110	0
87	111	0
87	112	0
87	113	0
87	114	0
87	115	0
87	116	0
87	117	0
87	118	0
87	119	0
87	120	0
87	121	0
87	122	0
87	123	0
87	124	0
87	125	0
87	126	0
87	127	0
87	128	0
87	129	0
87	130	0
87	131	0
87	132	0
87	133	0
87	134	0
87	135	0
87	136	0
87	137	0
87	138	0
87	139	0
87	140	0
87	141	0
87	142	0
87	143	0
87	144	0
96	1	0
96	2	0
96	3	0
96	4	0
96	5	0
96	6	0
96	7	0
96	8	0
96	9	0
96	10	0
96	11	0
96	12	0
96	13	0
96	14	0
96	15	0
96	16	0
96	17	0
96	18	0
96	19	0
96	20	0
96	21	0
96	22	0
96	23	0
96	24	0
96	25	0
96	26	0
96	27	0
96	28	0
96	29	0
96	30	0
96	31	0
96	32	0
96	33	0
96	34	0
96	35	0
96	36	0
96	37	0
96	38	0
96	39	0
96	40	0
96	41	0
96	42	0
96	43	0
96	44	0
96	45	0
96	46	0
96	47	0
96	48	0
96	49	0
96	50	0
96	51	0
96	52	0
96	53	0
96	54	0
96	55	0
96	56	0
96	57	0
96	58	0
96	59	0
96	60	0
96	61	0
96	62	0
96	63	0
96	64	0
96	65	0
96	66	0
96	67	0
96	68	0
96	69	0
96	70	0
96	71	0
96	72	0
96	73	0
96	74	0
96	75	0
96	76	0
96	77	0
96	78	0
96	79	0
96	80	0
96	81	0
96	82	0
96	83	0
96	84	0
96	85	0
96	86	0
96	87	0
96	88	0
96	89	0
96	90	0
96	91	0
96	92	0
96	93	0
96	94	0
96	95	0
96	96	0
96	97	0
96	98	0
96	99	0
96	100	0
96	101	0
96	102	0
96	103	0
96	104	0
96	105	0
96	106	0
96	107	0
96	108	0
96	109	0
96	110	0
96	111	0
96	112	0
96	113	0
96	114	0
96	115	0
96	116	0
96	117	0
96	118	0
96	119	0
96	120	0
96	121	0
96	122	0
96	123	0
96	124	0
96	125	0
96	126	0
96	127	0
96	128	0
96	129	0
96	130	0
96	131	0
96	132	0
96	133	0
96	134	0
96	135	0
96	136	0
96	137	0
96	138	0
96	139	0
96	140	0
96	141	0
96	142	0
96	143	0
96	144	0
52	1	0
52	2	0
52	3	0
52	4	0
52	6	0
52	7	0
52	8	0
52	9	0
52	10	0
52	11	0
52	12	0
52	13	0
52	14	0
52	15	0
52	16	0
52	17	0
52	18	0
52	19	0
52	20	0
52	21	0
52	22	0
52	23	0
52	24	0
52	25	0
52	26	0
52	27	0
52	28	0
52	29	0
52	30	0
52	31	0
52	32	0
52	33	0
52	34	0
52	35	0
52	36	0
52	37	0
52	38	0
52	39	0
52	40	0
52	41	0
52	42	0
52	43	0
52	44	0
52	45	0
52	46	0
52	47	0
52	48	0
52	49	0
52	50	0
52	51	0
52	52	0
52	53	0
52	54	0
52	55	0
52	56	0
52	57	0
52	58	0
52	59	0
52	60	0
52	61	0
52	62	0
52	63	0
52	64	0
52	65	0
52	66	0
52	67	0
52	68	0
52	69	0
52	70	0
52	71	0
52	72	0
52	73	0
52	74	0
52	75	0
52	76	0
52	77	0
52	78	0
52	79	0
52	80	0
52	81	0
52	82	0
52	83	0
52	84	0
52	85	0
52	86	0
52	87	0
52	88	0
52	89	0
52	90	0
52	91	0
52	92	0
52	93	0
52	94	0
52	95	0
52	96	0
52	97	0
52	98	0
52	99	0
52	100	0
52	101	0
52	102	0
52	103	0
52	104	0
52	105	0
52	106	0
52	107	0
52	108	0
52	109	0
52	110	0
52	111	0
52	112	0
52	113	0
52	114	0
52	115	0
52	116	0
52	117	0
52	118	0
52	119	0
52	120	0
52	121	0
52	122	0
52	123	0
52	124	0
52	125	0
52	126	0
52	127	0
52	128	0
52	129	0
52	130	0
52	131	0
52	132	0
52	133	0
52	134	0
52	135	0
52	136	0
52	137	0
52	138	0
52	139	0
52	140	0
52	141	0
52	142	0
52	143	0
52	144	0
53	6	0
53	7	0
53	14	0
53	15	0
53	17	0
53	19	0
53	22	0
53	23	0
53	25	0
53	27	0
53	29	0
53	31	0
53	33	0
53	37	0
53	39	0
53	41	0
53	45	0
53	47	0
53	49	0
53	51	0
53	53	0
53	55	0
53	57	0
53	59	0
53	61	0
53	63	0
53	65	0
53	67	0
53	69	0
53	71	0
53	73	0
53	75	0
53	77	0
53	80	0
53	81	0
53	83	0
53	85	0
53	87	0
53	89	0
53	91	0
53	101	0
53	103	0
53	105	0
53	113	0
53	115	0
53	117	0
53	119	0
53	121	0
53	123	0
53	125	0
53	127	0
53	129	0
53	131	0
53	133	0
53	135	0
53	137	0
53	139	0
53	141	0
102	135	0
95	135	0
103	61	0
103	63	0
103	65	0
103	67	0
103	69	0
103	71	0
105	2	0
105	4	0
105	6	0
105	8	0
105	10	0
105	12	0
105	14	0
105	16	0
105	18	0
105	20	0
105	22	0
105	24	0
105	26	0
105	28	0
105	30	0
105	32	0
105	34	0
105	36	0
105	38	0
105	40	0
105	42	0
105	44	0
105	46	0
105	48	0
105	50	0
105	52	0
105	54	0
105	56	0
105	58	0
105	60	0
105	62	0
105	64	0
105	66	0
105	68	0
105	70	0
105	72	0
105	74	0
105	76	0
105	78	0
105	80	0
105	82	0
105	84	0
105	86	0
105	88	0
105	90	0
105	92	0
105	94	0
105	96	0
105	98	0
105	100	0
105	102	0
105	104	0
105	106	0
105	108	0
105	110	0
105	112	0
105	114	0
105	116	0
105	118	0
105	120	0
105	122	0
105	124	0
105	126	0
105	128	0
105	130	0
105	132	0
105	134	0
105	136	0
105	138	0
105	140	0
105	142	0
105	144	0
114	12	0
106	143	0
91	5	0
107	106	0
91	8	0
74	18	0
91	9	0
74	20	0
74	23	0
74	25	0
74	31	0
74	33	0
74	46	0
74	74	0
74	78	0
74	83	0
74	87	0
74	92	0
74	97	0
74	106	0
74	115	0
74	117	0
74	119	0
74	121	0
74	123	0
74	125	0
74	138	0
74	140	0
108	2	0
108	4	0
108	6	0
108	8	0
108	10	0
108	12	0
108	14	0
108	16	0
108	26	0
108	29	0
108	34	0
108	36	0
108	38	0
108	40	0
108	42	0
108	45	0
108	48	0
108	50	0
108	52	0
108	54	0
106	83	0
106	85	0
106	87	0
106	89	0
106	91	0
106	93	0
106	97	0
106	99	0
106	115	0
106	117	0
106	119	0
106	121	0
106	123	0
106	125	0
106	138	0
106	140	0
106	81	0
106	127	0
106	129	0
106	131	0
106	133	0
106	135	0
